2.0000e+00 3.9610e-03
2.0000e+00 3.9610e-03
3.0000e+00 2.8240e-03
4.0000e+00 2.3970e-03
5.0000e+00 1.8170e-03
6.0000e+00 1.9590e-03
7.0000e+00 3.7250e-03
8.0000e+00 2.8460e-03
9.0000e+00 3.6640e-03
1.0000e+01 3.4380e-03
1.1000e+01 3.8860e-03
1.2000e+01 4.4710e-03
1.3000e+01 3.8900e-03
1.4000e+01 2.3350e-03
1.5000e+01 2.5890e-03
1.6000e+01 2.5970e-03
1.7000e+01 2.8090e-03
1.8000e+01 2.9460e-03
1.9000e+01 2.6050e-03
2.0000e+01 2.6220e-03
2.1000e+01 3.9570e-03
2.2000e+01 2.4320e-03
2.3000e+01 3.0910e-03
2.4000e+01 2.7990e-03
2.5000e+01 3.3970e-03
2.6000e+01 3.3780e-03
2.7000e+01 3.0770e-03
2.8000e+01 3.2880e-03
2.9000e+01 2.9850e-03
3.0000e+01 3.1420e-03
3.1000e+01 3.2750e-03
3.2000e+01 3.5310e-03
3.3000e+01 8.5330e-03
3.4000e+01 9.2030e-03
3.5000e+01 9.9490e-03
3.6000e+01 8.3440e-03
3.7000e+01 1.0718e-02
3.8000e+01 1.0202e-02
3.9000e+01 1.0263e-02
4.0000e+01 9.8740e-03
4.1000e+01 1.0212e-02
4.2000e+01 9.3130e-03
4.3000e+01 1.0341e-02
4.4000e+01 1.0651e-02
4.5000e+01 1.1130e-02
4.6000e+01 1.0993e-02
4.7000e+01 1.1907e-02
4.8000e+01 1.0660e-02
4.9000e+01 1.3549e-02
5.0000e+01 1.5512e-02
5.1000e+01 1.6091e-02
5.2000e+01 1.5357e-02
5.3000e+01 1.5677e-02
5.4000e+01 1.5946e-02
5.5000e+01 1.7235e-02
5.6000e+01 1.8277e-02
5.7000e+01 1.7490e-02
5.8000e+01 1.7911e-02
5.9000e+01 1.8774e-02
6.0000e+01 1.8043e-02
6.1000e+01 1.8950e-02
6.2000e+01 1.8950e-02
6.3000e+01 2.0488e-02
6.4000e+01 1.9491e-02
6.5000e+01 2.3672e-02
6.6000e+01 2.4581e-02
6.7000e+01 2.5223e-02
6.8000e+01 2.4862e-02
6.9000e+01 2.4670e-02
7.0000e+01 2.5792e-02
7.1000e+01 2.7138e-02
7.2000e+01 2.4655e-02
7.3000e+01 2.5420e-02
7.4000e+01 2.6645e-02
7.5000e+01 2.6340e-02
7.6000e+01 2.7396e-02
7.7000e+01 2.9760e-02
7.8000e+01 2.6831e-02
7.9000e+01 2.8413e-02
8.0000e+01 2.8758e-02
8.1000e+01 2.9589e-02
8.2000e+01 3.2423e-02
8.3000e+01 3.2538e-02
8.4000e+01 3.1597e-02
8.5000e+01 3.4641e-02
8.6000e+01 3.5124e-02
8.7000e+01 3.7632e-02
8.8000e+01 3.3527e-02
8.9000e+01 3.5229e-02
9.0000e+01 3.4565e-02
9.1000e+01 3.6459e-02
9.2000e+01 3.6684e-02
9.3000e+01 4.0655e-02
9.4000e+01 4.1042e-02
9.5000e+01 4.3288e-02
9.6000e+01 4.0490e-02
9.7000e+01 3.9886e-02
9.8000e+01 4.3406e-02
9.9000e+01 4.4577e-02
1.0000e+02 4.4589e-02
1.0100e+02 4.5141e-02
