2.0000e+00 5.6530e-03
2.0000e+00 5.6530e-03
3.0000e+00 3.8890e-03
4.0000e+00 2.9480e-03
5.0000e+00 2.7080e-03
6.0000e+00 4.0150e-03
7.0000e+00 5.2530e-03
8.0000e+00 5.3250e-03
9.0000e+00 5.8520e-03
1.0000e+01 5.8140e-03
1.1000e+01 5.4860e-03
1.2000e+01 5.2140e-03
1.3000e+01 4.6320e-03
1.4000e+01 2.6660e-03
1.5000e+01 3.6070e-03
1.6000e+01 3.6350e-03
1.7000e+01 3.8470e-03
1.8000e+01 4.1100e-03
1.9000e+01 3.3580e-03
2.0000e+01 4.2530e-03
2.1000e+01 3.7930e-03
2.2000e+01 3.5560e-03
2.3000e+01 5.3360e-03
2.4000e+01 3.6710e-03
2.5000e+01 3.8940e-03
2.6000e+01 3.8690e-03
2.7000e+01 3.9030e-03
2.8000e+01 3.5970e-03
2.9000e+01 3.6830e-03
3.0000e+01 3.8180e-03
3.1000e+01 4.0610e-03
3.2000e+01 3.8900e-03
3.3000e+01 9.2000e-03
3.4000e+01 8.4000e-03
3.5000e+01 1.2249e-02
3.6000e+01 1.1280e-02
3.7000e+01 1.2487e-02
3.8000e+01 1.2033e-02
3.9000e+01 1.3736e-02
4.0000e+01 1.2889e-02
4.1000e+01 1.3991e-02
4.2000e+01 1.3314e-02
4.3000e+01 1.3692e-02
4.4000e+01 1.2275e-02
4.5000e+01 1.2481e-02
4.6000e+01 1.3534e-02
4.7000e+01 1.5671e-02
4.8000e+01 1.4789e-02
4.9000e+01 2.1044e-02
5.0000e+01 2.0863e-02
5.1000e+01 2.1197e-02
5.2000e+01 2.1168e-02
5.3000e+01 2.0312e-02
5.4000e+01 2.0789e-02
5.5000e+01 2.3204e-02
5.6000e+01 2.2151e-02
5.7000e+01 2.0918e-02
5.8000e+01 2.2521e-02
5.9000e+01 2.3319e-02
6.0000e+01 2.0593e-02
6.1000e+01 2.5173e-02
6.2000e+01 2.5919e-02
6.3000e+01 2.8337e-02
6.4000e+01 2.8026e-02
6.5000e+01 2.8949e-02
6.6000e+01 2.7902e-02
6.7000e+01 3.3961e-02
6.8000e+01 3.2360e-02
6.9000e+01 3.2177e-02
7.0000e+01 3.4794e-02
7.1000e+01 3.3795e-02
7.2000e+01 3.3197e-02
7.3000e+01 3.5451e-02
7.4000e+01 3.5202e-02
7.5000e+01 3.7498e-02
7.6000e+01 3.2164e-02
7.7000e+01 3.3431e-02
7.8000e+01 3.7793e-02
7.9000e+01 3.7108e-02
8.0000e+01 3.6925e-02
8.1000e+01 4.1114e-02
8.2000e+01 4.3069e-02
8.3000e+01 4.4176e-02
8.4000e+01 4.3485e-02
8.5000e+01 4.1933e-02
8.6000e+01 4.5201e-02
8.7000e+01 4.3705e-02
8.8000e+01 4.3740e-02
8.9000e+01 4.7317e-02
9.0000e+01 4.6583e-02
9.1000e+01 5.4140e-02
9.2000e+01 4.5106e-02
9.3000e+01 4.7902e-02
9.4000e+01 4.7697e-02
9.5000e+01 4.3605e-02
9.6000e+01 4.7593e-02
9.7000e+01 4.9199e-02
9.8000e+01 4.9977e-02
9.9000e+01 5.4004e-02
1.0000e+02 6.1530e-02
1.0100e+02 5.7281e-02
