2.0000e+00 7.4110e-03
2.0000e+00 7.4110e-03
3.0000e+00 3.5970e-03
4.0000e+00 2.8790e-03
5.0000e+00 2.6200e-03
6.0000e+00 3.5040e-03
7.0000e+00 2.5980e-03
8.0000e+00 2.5380e-03
9.0000e+00 3.0700e-03
1.0000e+01 5.0630e-03
1.1000e+01 5.1710e-03
1.2000e+01 4.5660e-03
1.3000e+01 5.7380e-03
1.4000e+01 5.3750e-03
1.5000e+01 5.0010e-03
1.6000e+01 3.1280e-03
1.7000e+01 3.2870e-03
1.8000e+01 3.5710e-03
1.9000e+01 3.7470e-03
2.0000e+01 3.4250e-03
2.1000e+01 3.5740e-03
2.2000e+01 3.7220e-03
2.3000e+01 3.6570e-03
2.4000e+01 3.4960e-03
2.5000e+01 3.9470e-03
2.6000e+01 3.5790e-03
2.7000e+01 3.4830e-03
2.8000e+01 3.8600e-03
2.9000e+01 4.9960e-03
3.0000e+01 3.8980e-03
3.1000e+01 3.5880e-03
3.2000e+01 4.4810e-03
3.3000e+01 8.8930e-03
3.4000e+01 1.0441e-02
3.5000e+01 1.2042e-02
3.6000e+01 1.2370e-02
3.7000e+01 1.2280e-02
3.8000e+01 1.2783e-02
3.9000e+01 1.2141e-02
4.0000e+01 1.0901e-02
4.1000e+01 1.5962e-02
4.2000e+01 1.5340e-02
4.3000e+01 1.5683e-02
4.4000e+01 1.4725e-02
4.5000e+01 1.4690e-02
4.6000e+01 1.3893e-02
4.7000e+01 1.6098e-02
4.8000e+01 1.4687e-02
4.9000e+01 1.9362e-02
5.0000e+01 2.1134e-02
5.1000e+01 2.1368e-02
5.2000e+01 2.1829e-02
5.3000e+01 2.1910e-02
5.4000e+01 2.1724e-02
5.5000e+01 2.3645e-02
5.6000e+01 2.2105e-02
5.7000e+01 2.2159e-02
5.8000e+01 2.3315e-02
5.9000e+01 2.3731e-02
6.0000e+01 2.2812e-02
6.1000e+01 2.4812e-02
6.2000e+01 2.5692e-02
6.3000e+01 2.2896e-02
6.4000e+01 2.4923e-02
6.5000e+01 3.1879e-02
6.6000e+01 3.1698e-02
6.7000e+01 3.0209e-02
6.8000e+01 3.2541e-02
6.9000e+01 3.2056e-02
7.0000e+01 2.7342e-02
7.1000e+01 3.3767e-02
7.2000e+01 3.4337e-02
7.3000e+01 3.4114e-02
7.4000e+01 3.6443e-02
7.5000e+01 3.5424e-02
7.6000e+01 3.3028e-02
7.7000e+01 3.6270e-02
7.8000e+01 3.2728e-02
7.9000e+01 3.5908e-02
8.0000e+01 3.1562e-02
8.1000e+01 4.0206e-02
8.2000e+01 3.9818e-02
8.3000e+01 4.0384e-02
8.4000e+01 4.2276e-02
8.5000e+01 3.9271e-02
8.6000e+01 4.3369e-02
8.7000e+01 4.5303e-02
8.8000e+01 4.3488e-02
8.9000e+01 4.5317e-02
9.0000e+01 4.5190e-02
9.1000e+01 4.8637e-02
9.2000e+01 4.5750e-02
9.3000e+01 4.7530e-02
9.4000e+01 4.5711e-02
9.5000e+01 4.5223e-02
9.6000e+01 4.4313e-02
9.7000e+01 5.0525e-02
9.8000e+01 5.3871e-02
9.9000e+01 5.3296e-02
1.0000e+02 5.2066e-02
1.0100e+02 5.8604e-02
2.0000e+00 3.0730e-03
3.0000e+00 2.8000e-03
4.0000e+00 3.3640e-03
5.0000e+00 5.6880e-03
6.0000e+00 5.5620e-03
7.0000e+00 5.3530e-03
8.0000e+00 5.2590e-03
9.0000e+00 4.6510e-03
1.0000e+01 5.3580e-03
1.1000e+01 4.6590e-03
1.2000e+01 3.4260e-03
1.3000e+01 3.1300e-03
1.4000e+01 4.3490e-03
1.5000e+01 3.1570e-03
1.6000e+01 3.2490e-03
1.7000e+01 3.5380e-03
1.8000e+01 2.9540e-03
1.9000e+01 3.9400e-03
2.0000e+01 3.1240e-03
2.1000e+01 3.2010e-03
2.2000e+01 3.9990e-03
2.3000e+01 3.6500e-03
2.4000e+01 3.4930e-03
2.5000e+01 3.8190e-03
2.6000e+01 4.4880e-03
2.7000e+01 4.1560e-03
2.8000e+01 4.7300e-03
2.9000e+01 3.8510e-03
3.0000e+01 3.8550e-03
3.1000e+01 4.1320e-03
3.2000e+01 4.9370e-03
3.3000e+01 9.4840e-03
3.4000e+01 1.0005e-02
3.5000e+01 1.3031e-02
3.6000e+01 1.0089e-02
3.7000e+01 1.3201e-02
3.8000e+01 1.3717e-02
3.9000e+01 1.3207e-02
4.0000e+01 1.3543e-02
4.1000e+01 1.2938e-02
4.2000e+01 1.3639e-02
4.3000e+01 1.3857e-02
4.4000e+01 1.4262e-02
4.5000e+01 1.4727e-02
4.6000e+01 1.3758e-02
4.7000e+01 1.5418e-02
4.8000e+01 1.3961e-02
4.9000e+01 2.0260e-02
5.0000e+01 1.9902e-02
5.1000e+01 2.2429e-02
5.2000e+01 2.1878e-02
5.3000e+01 2.1791e-02
5.4000e+01 1.9265e-02
5.5000e+01 2.2370e-02
5.6000e+01 2.2972e-02
5.7000e+01 2.1241e-02
5.8000e+01 2.1636e-02
5.9000e+01 2.4041e-02
6.0000e+01 2.4103e-02
6.1000e+01 2.2099e-02
6.2000e+01 2.5907e-02
6.3000e+01 2.6352e-02
6.4000e+01 2.3026e-02
6.5000e+01 2.9639e-02
6.6000e+01 2.9845e-02
6.7000e+01 3.1024e-02
6.8000e+01 3.0629e-02
6.9000e+01 3.6232e-02
7.0000e+01 3.1957e-02
7.1000e+01 3.6992e-02
7.2000e+01 3.1673e-02
7.3000e+01 3.6991e-02
7.4000e+01 3.4951e-02
7.5000e+01 3.1407e-02
7.6000e+01 3.4079e-02
7.7000e+01 3.5874e-02
7.8000e+01 3.4800e-02
7.9000e+01 3.8061e-02
8.0000e+01 3.5321e-02
8.1000e+01 4.1615e-02
8.2000e+01 4.2104e-02
8.3000e+01 3.7738e-02
8.4000e+01 4.1641e-02
8.5000e+01 4.2575e-02
8.6000e+01 4.1262e-02
8.7000e+01 4.5225e-02
8.8000e+01 4.2755e-02
8.9000e+01 4.3746e-02
9.0000e+01 4.4556e-02
9.1000e+01 4.4908e-02
9.2000e+01 4.9177e-02
9.3000e+01 4.8518e-02
9.4000e+01 4.8761e-02
9.5000e+01 4.9983e-02
9.6000e+01 4.4106e-02
9.7000e+01 5.3046e-02
9.8000e+01 5.1855e-02
9.9000e+01 5.5909e-02
1.0000e+02 5.1359e-02
1.0100e+02 5.5382e-02
2.0000e+00 7.1210e-03
3.0000e+00 4.8510e-03
4.0000e+00 5.6700e-03
5.0000e+00 4.5370e-03
6.0000e+00 4.3240e-03
7.0000e+00 5.3130e-03
8.0000e+00 3.1590e-03
9.0000e+00 5.1820e-03
1.0000e+01 2.8560e-03
1.1000e+01 3.0930e-03
1.2000e+01 3.2440e-03
1.3000e+01 3.0170e-03
1.4000e+01 2.7860e-03
1.5000e+01 3.9350e-03
1.6000e+01 3.0760e-03
1.7000e+01 3.0620e-03
1.8000e+01 3.1860e-03
1.9000e+01 3.6210e-03
2.0000e+01 3.6450e-03
2.1000e+01 3.4500e-03
2.2000e+01 3.3880e-03
2.3000e+01 5.5890e-03
2.4000e+01 3.6660e-03
2.5000e+01 4.2500e-03
2.6000e+01 3.1210e-03
2.7000e+01 3.9720e-03
2.8000e+01 3.8770e-03
2.9000e+01 3.8590e-03
3.0000e+01 3.9520e-03
3.1000e+01 4.2770e-03
3.2000e+01 4.3600e-03
3.3000e+01 1.2417e-02
3.4000e+01 1.0063e-02
3.5000e+01 1.6959e-02
3.6000e+01 1.1248e-02
3.7000e+01 1.3177e-02
3.8000e+01 1.2532e-02
3.9000e+01 1.2962e-02
4.0000e+01 1.3705e-02
4.1000e+01 1.3067e-02
4.2000e+01 1.2513e-02
4.3000e+01 1.3266e-02
4.4000e+01 1.3211e-02
4.5000e+01 1.4356e-02
4.6000e+01 1.3614e-02
4.7000e+01 1.7283e-02
4.8000e+01 1.6736e-02
4.9000e+01 1.8499e-02
5.0000e+01 2.1429e-02
5.1000e+01 2.0715e-02
5.2000e+01 1.9524e-02
5.3000e+01 2.2882e-02
5.4000e+01 2.1319e-02
5.5000e+01 2.2043e-02
5.6000e+01 2.2048e-02
5.7000e+01 2.3188e-02
5.8000e+01 2.2074e-02
5.9000e+01 2.3981e-02
6.0000e+01 2.3299e-02
6.1000e+01 2.3841e-02
6.2000e+01 2.2702e-02
6.3000e+01 2.3335e-02
6.4000e+01 2.2865e-02
6.5000e+01 3.2159e-02
6.6000e+01 3.3449e-02
6.7000e+01 3.1306e-02
6.8000e+01 3.0920e-02
6.9000e+01 3.1632e-02
7.0000e+01 3.3736e-02
7.1000e+01 3.1479e-02
7.2000e+01 3.1809e-02
7.3000e+01 3.6008e-02
7.4000e+01 3.4026e-02
7.5000e+01 3.3771e-02
7.6000e+01 3.5892e-02
7.7000e+01 3.8221e-02
7.8000e+01 3.8328e-02
7.9000e+01 3.5741e-02
8.0000e+01 3.4629e-02
8.1000e+01 3.9859e-02
8.2000e+01 3.8838e-02
8.3000e+01 4.2067e-02
8.4000e+01 3.7549e-02
8.5000e+01 4.3710e-02
8.6000e+01 4.3809e-02
8.7000e+01 4.6468e-02
8.8000e+01 4.4137e-02
8.9000e+01 4.0527e-02
9.0000e+01 4.5576e-02
9.1000e+01 4.5698e-02
9.2000e+01 4.2930e-02
9.3000e+01 4.7499e-02
9.4000e+01 4.8477e-02
9.5000e+01 4.6876e-02
9.6000e+01 4.3235e-02
9.7000e+01 5.2148e-02
9.8000e+01 4.9706e-02
9.9000e+01 5.4035e-02
1.0000e+02 5.1017e-02
1.0100e+02 5.3845e-02
2.0000e+00 7.4330e-03
3.0000e+00 6.0770e-03
4.0000e+00 5.3930e-03
5.0000e+00 5.4470e-03
6.0000e+00 5.2250e-03
7.0000e+00 4.8630e-03
8.0000e+00 4.7690e-03
9.0000e+00 4.6930e-03
1.0000e+01 4.2710e-03
1.1000e+01 3.6690e-03
1.2000e+01 2.6400e-03
1.3000e+01 2.8150e-03
1.4000e+01 3.7680e-03
1.5000e+01 3.7950e-03
1.6000e+01 3.0070e-03
1.7000e+01 3.1390e-03
1.8000e+01 3.4860e-03
1.9000e+01 3.5890e-03
2.0000e+01 3.3910e-03
2.1000e+01 4.1520e-03
2.2000e+01 3.3890e-03
2.3000e+01 4.4480e-03
2.4000e+01 3.6890e-03
2.5000e+01 3.8260e-03
2.6000e+01 3.4470e-03
2.7000e+01 3.6680e-03
2.8000e+01 6.3310e-03
2.9000e+01 3.7540e-03
3.0000e+01 4.1620e-03
3.1000e+01 3.7200e-03
3.2000e+01 5.9590e-03
3.3000e+01 1.0438e-02
3.4000e+01 1.1241e-02
3.5000e+01 1.2829e-02
3.6000e+01 1.3383e-02
3.7000e+01 1.3789e-02
3.8000e+01 1.3341e-02
3.9000e+01 1.3064e-02
4.0000e+01 1.2230e-02
4.1000e+01 1.1390e-02
4.2000e+01 1.4323e-02
4.3000e+01 1.5380e-02
4.4000e+01 1.5586e-02
4.5000e+01 1.3226e-02
4.6000e+01 1.4034e-02
4.7000e+01 1.5416e-02
4.8000e+01 1.4549e-02
4.9000e+01 1.9315e-02
5.0000e+01 2.2763e-02
5.1000e+01 2.1005e-02
5.2000e+01 2.1477e-02
5.3000e+01 2.1148e-02
5.4000e+01 2.2658e-02
5.5000e+01 2.2211e-02
5.6000e+01 2.1623e-02
5.7000e+01 2.3563e-02
5.8000e+01 2.2605e-02
5.9000e+01 2.4596e-02
6.0000e+01 2.2531e-02
6.1000e+01 2.5798e-02
6.2000e+01 2.5013e-02
6.3000e+01 2.5916e-02
6.4000e+01 2.4509e-02
6.5000e+01 2.9173e-02
6.6000e+01 3.2485e-02
6.7000e+01 2.8860e-02
6.8000e+01 2.7697e-02
6.9000e+01 3.2785e-02
7.0000e+01 3.3621e-02
7.1000e+01 3.1728e-02
7.2000e+01 3.1195e-02
7.3000e+01 3.1989e-02
7.4000e+01 3.4448e-02
7.5000e+01 3.6825e-02
7.6000e+01 3.0924e-02
7.7000e+01 3.0026e-02
7.8000e+01 3.7428e-02
7.9000e+01 3.8140e-02
8.0000e+01 3.6933e-02
8.1000e+01 4.2248e-02
8.2000e+01 4.0129e-02
8.3000e+01 4.1640e-02
8.4000e+01 3.8317e-02
8.5000e+01 4.1918e-02
8.6000e+01 4.2429e-02
8.7000e+01 4.4848e-02
8.8000e+01 4.1839e-02
8.9000e+01 4.4822e-02
9.0000e+01 4.4474e-02
9.1000e+01 4.4829e-02
9.2000e+01 4.7961e-02
9.3000e+01 4.8314e-02
9.4000e+01 5.1560e-02
9.5000e+01 4.8676e-02
9.6000e+01 4.6340e-02
9.7000e+01 5.5115e-02
9.8000e+01 5.1935e-02
9.9000e+01 5.3089e-02
1.0000e+02 5.0319e-02
1.0100e+02 5.4285e-02
