2.0000e+00 4.5100e-03
2.0000e+00 4.5100e-03
3.0000e+00 3.4470e-03
4.0000e+00 4.6040e-03
5.0000e+00 4.2420e-03
6.0000e+00 4.4520e-03
7.0000e+00 4.3400e-03
8.0000e+00 4.6650e-03
9.0000e+00 5.0040e-03
1.0000e+01 4.9610e-03
1.1000e+01 5.7450e-03
1.2000e+01 4.4870e-03
1.3000e+01 4.1080e-03
1.4000e+01 4.3770e-03
1.5000e+01 4.6600e-03
1.6000e+01 4.2360e-03
1.7000e+01 4.8830e-03
1.8000e+01 5.0240e-03
1.9000e+01 5.1470e-03
2.0000e+01 5.0720e-03
2.1000e+01 3.7940e-03
2.2000e+01 4.2230e-03
2.3000e+01 5.4270e-03
2.4000e+01 5.1770e-03
2.5000e+01 5.5810e-03
2.6000e+01 5.0650e-03
2.7000e+01 3.8420e-03
2.8000e+01 5.6650e-03
2.9000e+01 5.8070e-03
3.0000e+01 6.0190e-03
3.1000e+01 5.8650e-03
3.2000e+01 5.9770e-03
3.3000e+01 5.2010e-03
3.4000e+01 6.1260e-03
3.5000e+01 5.8060e-03
3.6000e+01 5.6340e-03
3.7000e+01 6.3680e-03
3.8000e+01 4.9140e-03
3.9000e+01 5.6990e-03
4.0000e+01 5.8360e-03
4.1000e+01 5.7690e-03
4.2000e+01 5.9500e-03
4.3000e+01 5.1090e-03
4.4000e+01 5.6490e-03
4.5000e+01 6.6450e-03
4.6000e+01 6.1240e-03
4.7000e+01 6.8380e-03
4.8000e+01 4.1150e-03
4.9000e+01 6.1470e-03
5.0000e+01 3.6760e-03
5.1000e+01 4.8030e-03
5.2000e+01 6.5620e-03
5.3000e+01 7.2700e-03
5.4000e+01 7.0330e-03
5.5000e+01 6.8470e-03
5.6000e+01 6.9940e-03
5.7000e+01 7.1740e-03
5.8000e+01 6.6770e-03
5.9000e+01 6.8940e-03
6.0000e+01 4.1750e-03
6.1000e+01 4.9550e-03
6.2000e+01 7.2080e-03
6.3000e+01 6.0440e-03
6.4000e+01 4.4780e-03
6.5000e+01 4.0580e-03
6.6000e+01 7.9300e-03
6.7000e+01 8.1220e-03
6.8000e+01 7.1650e-03
6.9000e+01 7.9300e-03
7.0000e+01 6.6200e-03
7.1000e+01 6.7150e-03
7.2000e+01 6.6840e-03
7.3000e+01 6.2230e-03
7.4000e+01 7.7670e-03
7.5000e+01 7.8000e-03
7.6000e+01 7.8860e-03
7.7000e+01 7.8650e-03
7.8000e+01 8.9440e-03
7.9000e+01 8.3400e-03
8.0000e+01 7.6770e-03
8.1000e+01 8.2130e-03
8.2000e+01 8.0600e-03
8.3000e+01 8.9660e-03
8.4000e+01 7.2120e-03
8.5000e+01 8.2510e-03
8.6000e+01 8.1330e-03
8.7000e+01 9.1690e-03
8.8000e+01 6.9780e-03
8.9000e+01 9.1510e-03
9.0000e+01 8.6400e-03
9.1000e+01 9.3370e-03
9.2000e+01 8.1820e-03
9.3000e+01 1.0022e-02
9.4000e+01 9.1510e-03
9.5000e+01 8.6910e-03
9.6000e+01 8.4410e-03
9.7000e+01 8.4790e-03
9.8000e+01 1.0045e-02
9.9000e+01 8.3650e-03
1.0000e+02 9.9420e-03
1.0100e+02 8.6180e-03
1.0200e+02 1.0112e-02
1.0300e+02 6.9420e-03
1.0400e+02 8.3830e-03
1.0500e+02 1.1597e-02
1.0600e+02 1.0794e-02
1.0700e+02 9.8170e-03
1.0800e+02 1.0067e-02
1.0900e+02 1.1146e-02
1.1000e+02 1.2907e-02
1.1100e+02 1.2357e-02
1.1200e+02 9.8960e-03
1.1300e+02 1.1583e-02
1.1400e+02 1.1974e-02
1.1500e+02 1.1596e-02
1.1600e+02 1.3169e-02
1.1700e+02 1.3164e-02
1.1800e+02 1.1937e-02
1.1900e+02 1.1907e-02
1.2000e+02 1.2448e-02
1.2100e+02 1.2756e-02
1.2200e+02 1.3272e-02
1.2300e+02 1.2388e-02
1.2400e+02 1.2987e-02
1.2500e+02 1.1679e-02
1.2600e+02 1.2552e-02
1.2700e+02 1.3778e-02
1.2800e+02 1.3360e-02
1.2900e+02 1.4648e-02
1.3000e+02 1.4979e-02
1.3100e+02 1.4318e-02
1.3200e+02 1.4184e-02
1.3300e+02 1.4701e-02
1.3400e+02 1.6392e-02
1.3500e+02 1.6288e-02
1.3600e+02 1.7751e-02
1.3700e+02 1.5927e-02
1.3800e+02 1.5633e-02
1.3900e+02 1.6788e-02
1.4000e+02 1.6179e-02
1.4100e+02 1.7111e-02
1.4200e+02 1.4435e-02
1.4300e+02 1.6358e-02
1.4400e+02 1.6335e-02
1.4500e+02 1.6461e-02
1.4600e+02 1.8673e-02
1.4700e+02 1.7539e-02
1.4800e+02 1.5948e-02
1.4900e+02 1.7267e-02
1.5000e+02 1.7018e-02
1.5100e+02 1.8658e-02
1.5200e+02 1.8209e-02
1.5300e+02 1.6301e-02
1.5400e+02 1.7314e-02
1.5500e+02 1.8965e-02
1.5600e+02 1.7947e-02
1.5700e+02 1.8266e-02
1.5800e+02 1.8648e-02
1.5900e+02 1.8863e-02
1.6000e+02 2.1788e-02
1.6100e+02 1.9909e-02
1.6200e+02 1.9248e-02
1.6300e+02 1.9585e-02
1.6400e+02 2.0564e-02
1.6500e+02 1.8787e-02
1.6600e+02 2.0443e-02
1.6700e+02 1.9915e-02
1.6800e+02 2.1417e-02
1.6900e+02 1.9969e-02
1.7000e+02 1.9833e-02
1.7100e+02 2.1487e-02
1.7200e+02 2.1926e-02
1.7300e+02 2.1733e-02
1.7400e+02 2.0939e-02
1.7500e+02 1.9494e-02
1.7600e+02 2.2469e-02
1.7700e+02 2.3510e-02
1.7800e+02 2.2735e-02
1.7900e+02 2.0550e-02
1.8000e+02 2.1889e-02
1.8100e+02 2.3773e-02
1.8200e+02 2.1939e-02
1.8300e+02 2.3001e-02
1.8400e+02 2.3714e-02
1.8500e+02 2.3297e-02
1.8600e+02 2.2792e-02
1.8700e+02 2.3901e-02
1.8800e+02 2.2465e-02
1.8900e+02 2.3057e-02
1.9000e+02 2.4945e-02
1.9100e+02 2.4908e-02
1.9200e+02 2.3948e-02
1.9300e+02 2.5281e-02
1.9400e+02 2.4715e-02
1.9500e+02 2.6897e-02
1.9600e+02 2.4990e-02
1.9700e+02 2.6343e-02
1.9800e+02 2.4514e-02
1.9900e+02 2.6949e-02
2.0000e+02 2.8445e-02
2.0100e+02 2.6860e-02
2.0200e+02 2.6452e-02
2.0300e+02 3.1123e-02
2.0400e+02 2.6645e-02
2.0500e+02 2.7252e-02
2.0600e+02 3.0352e-02
2.0700e+02 2.8386e-02
2.0800e+02 2.9132e-02
2.0900e+02 2.8228e-02
2.1000e+02 2.8094e-02
2.1100e+02 3.2375e-02
2.1200e+02 3.0145e-02
2.1300e+02 2.7565e-02
2.1400e+02 2.8152e-02
2.1500e+02 3.3111e-02
2.1600e+02 2.9808e-02
2.1700e+02 3.2116e-02
2.1800e+02 3.0929e-02
2.1900e+02 3.3383e-02
2.2000e+02 3.1272e-02
2.2100e+02 3.0330e-02
2.2200e+02 3.2991e-02
2.2300e+02 3.3964e-02
2.2400e+02 3.2985e-02
2.2500e+02 3.8321e-02
2.2600e+02 3.3151e-02
2.2700e+02 3.7251e-02
2.2800e+02 3.3025e-02
2.2900e+02 3.2457e-02
2.3000e+02 3.4763e-02
2.3100e+02 3.2850e-02
2.3200e+02 3.8357e-02
2.3300e+02 3.3204e-02
2.3400e+02 3.9291e-02
2.3500e+02 3.4451e-02
2.3600e+02 4.1251e-02
2.3700e+02 3.6850e-02
2.3800e+02 4.1004e-02
2.3900e+02 3.7029e-02
2.4000e+02 3.8952e-02
2.4100e+02 3.8150e-02
2.4200e+02 4.2460e-02
2.4300e+02 4.9556e-02
2.4400e+02 4.6516e-02
2.4500e+02 5.6470e-02
2.4600e+02 3.9689e-02
2.4700e+02 3.7226e-02
2.4800e+02 4.0999e-02
2.4900e+02 4.1573e-02
2.5000e+02 3.9547e-02
2.5100e+02 2.9073e-02
2.5200e+02 2.6455e-02
2.5300e+02 2.6497e-02
2.5400e+02 3.7535e-02
2.5500e+02 3.9331e-02
2.5600e+02 4.4050e-02
2.5700e+02 5.7863e-02
2.5800e+02 6.0779e-02
2.5900e+02 6.0328e-02
2.6000e+02 4.7954e-02
2.6100e+02 5.6133e-02
2.6200e+02 4.8727e-02
2.6300e+02 4.9695e-02
2.6400e+02 4.3667e-02
2.6500e+02 4.6110e-02
2.6600e+02 4.6860e-02
2.6700e+02 4.7202e-02
2.6800e+02 4.9708e-02
2.6900e+02 5.4746e-02
2.7000e+02 6.6453e-02
2.7100e+02 6.3262e-02
2.7200e+02 6.4874e-02
2.7300e+02 7.0784e-02
2.7400e+02 6.4619e-02
2.7500e+02 7.5065e-02
2.7600e+02 7.7034e-02
2.7700e+02 7.7877e-02
2.7800e+02 7.7955e-02
2.7900e+02 8.0804e-02
2.8000e+02 7.4914e-02
2.8100e+02 8.8697e-02
2.8200e+02 7.6877e-02
2.8300e+02 7.7244e-02
2.8400e+02 6.6669e-02
2.8500e+02 6.8794e-02
2.8600e+02 7.5109e-02
2.8700e+02 7.4945e-02
2.8800e+02 7.0495e-02
2.8900e+02 7.4980e-02
2.9000e+02 7.2992e-02
2.9100e+02 7.9671e-02
2.9200e+02 7.5562e-02
2.9300e+02 7.4979e-02
2.9400e+02 8.1449e-02
2.9500e+02 7.8483e-02
2.9600e+02 7.7217e-02
2.9700e+02 8.2790e-02
2.9800e+02 8.0754e-02
2.9900e+02 8.6317e-02
3.0000e+02 8.1742e-02
3.0100e+02 8.1193e-02
3.0200e+02 7.9406e-02
3.0300e+02 8.3896e-02
3.0400e+02 8.6338e-02
3.0500e+02 8.8218e-02
3.0600e+02 9.1824e-02
3.0700e+02 8.6630e-02
3.0800e+02 8.3799e-02
3.0900e+02 9.5508e-02
3.1000e+02 8.3374e-02
3.1100e+02 8.1132e-02
3.1200e+02 8.4650e-02
3.1300e+02 9.4507e-02
3.1400e+02 8.8528e-02
3.1500e+02 8.7591e-02
3.1600e+02 8.4665e-02
3.1700e+02 8.3016e-02
3.1800e+02 8.4066e-02
3.1900e+02 9.2013e-02
3.2000e+02 8.6394e-02
3.2100e+02 8.9577e-02
3.2200e+02 8.9466e-02
3.2300e+02 9.5280e-02
3.2400e+02 9.4162e-02
3.2500e+02 9.7574e-02
3.2600e+02 9.2386e-02
3.2700e+02 9.6483e-02
3.2800e+02 9.5597e-02
3.2900e+02 1.0153e-01
3.3000e+02 9.4056e-02
3.3100e+02 9.6167e-02
3.3200e+02 9.6753e-02
3.3300e+02 9.1182e-02
3.3400e+02 9.5435e-02
3.3500e+02 9.8461e-02
3.3600e+02 1.0935e-01
3.3700e+02 9.7402e-02
3.3800e+02 9.3068e-02
3.3900e+02 9.9414e-02
3.4000e+02 9.5450e-02
3.4100e+02 1.0045e-01
3.4200e+02 1.0298e-01
3.4300e+02 1.0007e-01
3.4400e+02 9.6569e-02
3.4500e+02 1.0319e-01
3.4600e+02 9.1924e-02
3.4700e+02 1.0315e-01
3.4800e+02 1.0355e-01
3.4900e+02 1.0941e-01
3.5000e+02 9.8216e-02
3.5100e+02 1.0108e-01
3.5200e+02 9.9073e-02
3.5300e+02 1.0671e-01
3.5400e+02 1.0657e-01
3.5500e+02 9.5623e-02
3.5600e+02 7.9581e-02
3.5700e+02 1.0812e-01
3.5800e+02 1.0382e-01
3.5900e+02 1.0840e-01
3.6000e+02 9.9592e-02
3.6100e+02 1.0314e-01
3.6200e+02 1.0778e-01
3.6300e+02 1.1732e-01
3.6400e+02 1.0332e-01
3.6500e+02 9.4945e-02
3.6600e+02 9.2475e-02
3.6700e+02 1.0023e-01
3.6800e+02 1.0703e-01
3.6900e+02 1.2634e-01
3.7000e+02 1.2648e-01
3.7100e+02 1.1417e-01
3.7200e+02 1.1505e-01
3.7300e+02 1.0941e-01
3.7400e+02 1.0735e-01
3.7500e+02 1.0763e-01
3.7600e+02 1.0037e-01
3.7700e+02 1.1870e-01
3.7800e+02 1.3467e-01
3.7900e+02 1.3921e-01
3.8000e+02 1.2242e-01
3.8100e+02 1.3357e-01
3.8200e+02 1.2724e-01
3.8300e+02 1.2357e-01
3.8400e+02 1.2184e-01
3.8500e+02 1.2564e-01
3.8600e+02 1.3004e-01
3.8700e+02 1.2728e-01
3.8800e+02 1.3739e-01
3.8900e+02 1.3894e-01
3.9000e+02 1.3330e-01
3.9100e+02 1.4248e-01
3.9200e+02 1.2950e-01
3.9300e+02 1.3569e-01
3.9400e+02 1.4078e-01
3.9500e+02 1.3944e-01
3.9600e+02 1.3154e-01
3.9700e+02 1.3845e-01
3.9800e+02 1.4005e-01
3.9900e+02 1.4051e-01
4.0000e+02 1.3953e-01
4.0100e+02 1.3466e-01
4.0200e+02 1.3058e-01
4.0300e+02 1.4480e-01
4.0400e+02 1.4540e-01
4.0500e+02 1.4634e-01
4.0600e+02 1.3982e-01
4.0700e+02 1.4608e-01
4.0800e+02 1.4310e-01
4.0900e+02 1.5591e-01
4.1000e+02 1.4589e-01
4.1100e+02 1.4868e-01
4.1200e+02 1.4417e-01
4.1300e+02 1.4828e-01
4.1400e+02 1.5510e-01
4.1500e+02 1.5007e-01
4.1600e+02 1.5007e-01
4.1700e+02 1.4968e-01
4.1800e+02 1.4556e-01
4.1900e+02 1.4525e-01
4.2000e+02 1.6251e-01
4.2100e+02 1.5852e-01
4.2200e+02 1.6537e-01
4.2300e+02 1.7127e-01
4.2400e+02 1.5603e-01
4.2500e+02 1.6516e-01
4.2600e+02 1.4462e-01
4.2700e+02 1.5780e-01
4.2800e+02 1.4534e-01
4.2900e+02 1.5706e-01
4.3000e+02 1.5610e-01
4.3100e+02 1.7981e-01
4.3200e+02 1.7412e-01
4.3300e+02 1.7627e-01
4.3400e+02 1.5568e-01
4.3500e+02 1.6476e-01
4.3600e+02 1.3828e-01
4.3700e+02 1.5598e-01
4.3800e+02 1.4059e-01
4.3900e+02 1.6327e-01
4.4000e+02 1.3213e-01
4.4100e+02 1.7014e-01
4.4200e+02 1.7747e-01
4.4300e+02 1.7520e-01
4.4400e+02 1.6931e-01
4.4500e+02 1.8717e-01
4.4600e+02 1.9503e-01
4.4700e+02 1.9913e-01
4.4800e+02 1.6787e-01
4.4900e+02 1.8234e-01
4.5000e+02 1.8459e-01
4.5100e+02 1.8162e-01
4.5200e+02 1.8394e-01
4.5300e+02 1.9278e-01
4.5400e+02 1.8023e-01
4.5500e+02 1.9244e-01
4.5600e+02 1.7567e-01
4.5700e+02 1.7956e-01
4.5800e+02 1.9277e-01
4.5900e+02 1.8254e-01
4.6000e+02 1.8048e-01
4.6100e+02 2.1046e-01
4.6200e+02 1.8524e-01
4.6300e+02 1.9235e-01
4.6400e+02 1.8791e-01
4.6500e+02 2.1609e-01
4.6600e+02 2.2750e-01
4.6700e+02 1.8875e-01
4.6800e+02 1.8898e-01
4.6900e+02 1.9928e-01
4.7000e+02 2.1529e-01
4.7100e+02 2.1018e-01
4.7200e+02 1.8489e-01
4.7300e+02 2.3157e-01
4.7400e+02 1.8959e-01
4.7500e+02 2.0659e-01
4.7600e+02 2.0023e-01
4.7700e+02 2.5415e-01
4.7800e+02 2.3869e-01
4.7900e+02 2.2007e-01
4.8000e+02 1.9328e-01
4.8100e+02 2.4346e-01
4.8200e+02 2.4710e-01
4.8300e+02 2.1737e-01
4.8400e+02 1.9753e-01
4.8500e+02 2.1487e-01
4.8600e+02 2.3500e-01
4.8700e+02 2.1498e-01
4.8800e+02 2.3579e-01
4.8900e+02 1.9393e-01
4.9000e+02 2.1566e-01
4.9100e+02 2.2952e-01
4.9200e+02 2.4431e-01
4.9300e+02 2.3274e-01
4.9400e+02 2.3349e-01
4.9500e+02 2.4743e-01
4.9600e+02 2.2694e-01
4.9700e+02 2.4620e-01
4.9800e+02 2.3942e-01
4.9900e+02 2.3195e-01
5.0000e+02 2.4384e-01
5.0100e+02 2.6838e-01
