2.0000e+00 5.1700e-03
2.0000e+00 5.1700e-03
3.0000e+00 2.4330e-03
4.0000e+00 1.5360e-03
5.0000e+00 1.5090e-03
6.0000e+00 3.8480e-03
7.0000e+00 3.5880e-03
8.0000e+00 3.9070e-03
9.0000e+00 3.6160e-03
1.0000e+01 3.2270e-03
1.1000e+01 2.8170e-03
1.2000e+01 2.7200e-03
1.3000e+01 3.5880e-03
1.4000e+01 3.8650e-03
1.5000e+01 3.0550e-03
1.6000e+01 1.8500e-03
1.7000e+01 3.9390e-03
1.8000e+01 3.6050e-03
1.9000e+01 4.2500e-03
2.0000e+01 3.6250e-03
2.1000e+01 1.9210e-03
2.2000e+01 4.7950e-03
2.3000e+01 4.0760e-03
2.4000e+01 4.2350e-03
2.5000e+01 4.1810e-03
2.6000e+01 3.6210e-03
2.7000e+01 4.8150e-03
2.8000e+01 3.1700e-03
2.9000e+01 3.2910e-03
3.0000e+01 2.2220e-03
3.1000e+01 3.0120e-03
3.2000e+01 3.7680e-03
3.3000e+01 3.4660e-03
3.4000e+01 2.1780e-03
3.5000e+01 2.2360e-03
3.6000e+01 2.7060e-03
3.7000e+01 2.2860e-03
3.8000e+01 2.2350e-03
3.9000e+01 2.3390e-03
4.0000e+01 2.5300e-03
4.1000e+01 3.1230e-03
4.2000e+01 4.1250e-03
4.3000e+01 5.5330e-03
4.4000e+01 4.3940e-03
4.5000e+01 4.1990e-03
4.6000e+01 5.3920e-03
4.7000e+01 5.5100e-03
4.8000e+01 4.7290e-03
4.9000e+01 2.8230e-03
5.0000e+01 5.2190e-03
5.1000e+01 4.7430e-03
5.2000e+01 2.7110e-03
5.3000e+01 2.8550e-03
5.4000e+01 2.7790e-03
5.5000e+01 2.8140e-03
5.6000e+01 4.0640e-03
5.7000e+01 6.1410e-03
5.8000e+01 2.8490e-03
5.9000e+01 4.5610e-03
6.0000e+01 5.4550e-03
6.1000e+01 5.3040e-03
6.2000e+01 4.7130e-03
6.3000e+01 5.0180e-03
6.4000e+01 3.8250e-03
6.5000e+01 4.1030e-03
6.6000e+01 3.4330e-03
6.7000e+01 3.7970e-03
6.8000e+01 5.4720e-03
6.9000e+01 5.0190e-03
7.0000e+01 5.4850e-03
7.1000e+01 4.0140e-03
7.2000e+01 6.2320e-03
7.3000e+01 6.0260e-03
7.4000e+01 6.1120e-03
7.5000e+01 6.4230e-03
7.6000e+01 5.4840e-03
7.7000e+01 6.8270e-03
7.8000e+01 4.4530e-03
7.9000e+01 3.7070e-03
8.0000e+01 6.8380e-03
8.1000e+01 3.6650e-03
8.2000e+01 4.3880e-03
8.3000e+01 5.6460e-03
8.4000e+01 6.2400e-03
8.5000e+01 6.6290e-03
8.6000e+01 6.2890e-03
8.7000e+01 7.0830e-03
8.8000e+01 6.0150e-03
8.9000e+01 7.5640e-03
9.0000e+01 6.1950e-03
9.1000e+01 6.6740e-03
9.2000e+01 5.5150e-03
9.3000e+01 7.2240e-03
9.4000e+01 7.0820e-03
9.5000e+01 6.2310e-03
9.6000e+01 5.0110e-03
9.7000e+01 7.0830e-03
9.8000e+01 6.6200e-03
9.9000e+01 6.4030e-03
1.0000e+02 4.7050e-03
1.0100e+02 7.7810e-03
1.0200e+02 7.2530e-03
1.0300e+02 8.4820e-03
1.0400e+02 8.0140e-03
1.0500e+02 8.2550e-03
1.0600e+02 7.9220e-03
1.0700e+02 9.0870e-03
1.0800e+02 8.4950e-03
1.0900e+02 6.1660e-03
1.1000e+02 7.2600e-03
1.1100e+02 7.8830e-03
1.1200e+02 6.6780e-03
1.1300e+02 9.1160e-03
1.1400e+02 5.5820e-03
1.1500e+02 8.7690e-03
1.1600e+02 5.4920e-03
1.1700e+02 7.8760e-03
1.1800e+02 6.5920e-03
1.1900e+02 8.8570e-03
1.2000e+02 8.1020e-03
1.2100e+02 8.9170e-03
1.2200e+02 9.9260e-03
1.2300e+02 9.1350e-03
1.2400e+02 9.9290e-03
1.2500e+02 1.0030e-02
1.2600e+02 9.0150e-03
1.2700e+02 1.0325e-02
1.2800e+02 7.1500e-03
1.2900e+02 1.1465e-02
1.3000e+02 1.0973e-02
1.3100e+02 9.7180e-03
1.3200e+02 1.0079e-02
1.3300e+02 8.8220e-03
1.3400e+02 8.1850e-03
1.3500e+02 1.0559e-02
1.3600e+02 1.0117e-02
1.3700e+02 1.0205e-02
1.3800e+02 9.5820e-03
1.3900e+02 8.8650e-03
1.4000e+02 7.7950e-03
1.4100e+02 8.4260e-03
1.4200e+02 8.2740e-03
1.4300e+02 1.1355e-02
1.4400e+02 1.1059e-02
1.4500e+02 1.2159e-02
1.4600e+02 1.2414e-02
1.4700e+02 8.9790e-03
1.4800e+02 8.9340e-03
1.4900e+02 9.3540e-03
1.5000e+02 9.2930e-03
1.5100e+02 1.1058e-02
1.5200e+02 1.3992e-02
1.5300e+02 1.3341e-02
1.5400e+02 1.4181e-02
1.5500e+02 1.2849e-02
1.5600e+02 1.2908e-02
1.5700e+02 9.7960e-03
1.5800e+02 1.0205e-02
1.5900e+02 1.2306e-02
1.6000e+02 1.3712e-02
1.6100e+02 1.2538e-02
1.6200e+02 1.2076e-02
1.6300e+02 1.0374e-02
1.6400e+02 1.0019e-02
1.6500e+02 1.0696e-02
1.6600e+02 1.2773e-02
1.6700e+02 1.5878e-02
1.6800e+02 1.3407e-02
1.6900e+02 1.3797e-02
1.7000e+02 1.2305e-02
1.7100e+02 1.0883e-02
1.7200e+02 1.1351e-02
1.7300e+02 1.2183e-02
1.7400e+02 1.2673e-02
1.7500e+02 1.6129e-02
1.7600e+02 1.2119e-02
1.7700e+02 1.7747e-02
1.7800e+02 1.1950e-02
1.7900e+02 1.2882e-02
1.8000e+02 1.1944e-02
1.8100e+02 1.5990e-02
1.8200e+02 1.5066e-02
1.8300e+02 1.7564e-02
1.8400e+02 1.5348e-02
1.8500e+02 1.2886e-02
1.8600e+02 1.2745e-02
1.8700e+02 1.4278e-02
1.8800e+02 1.4966e-02
1.8900e+02 1.7862e-02
1.9000e+02 1.5556e-02
1.9100e+02 1.8247e-02
1.9200e+02 1.5345e-02
1.9300e+02 1.9832e-02
1.9400e+02 1.9147e-02
1.9500e+02 1.8552e-02
1.9600e+02 1.6642e-02
1.9700e+02 1.9280e-02
1.9800e+02 1.8061e-02
1.9900e+02 2.0595e-02
2.0000e+02 1.5732e-02
2.0100e+02 1.8866e-02
2.0200e+02 1.4489e-02
2.0300e+02 1.7898e-02
2.0400e+02 1.5295e-02
2.0500e+02 1.9377e-02
2.0600e+02 1.7343e-02
2.0700e+02 1.9730e-02
2.0800e+02 1.9014e-02
2.0900e+02 2.0315e-02
2.1000e+02 2.0710e-02
2.1100e+02 2.1239e-02
2.1200e+02 1.6108e-02
2.1300e+02 1.6082e-02
2.1400e+02 1.8033e-02
2.1500e+02 2.2787e-02
2.1600e+02 2.1910e-02
2.1700e+02 2.2567e-02
2.1800e+02 1.8535e-02
2.1900e+02 2.1838e-02
2.2000e+02 2.2884e-02
2.2100e+02 2.1641e-02
2.2200e+02 1.7354e-02
2.2300e+02 1.9517e-02
2.2400e+02 1.9730e-02
2.2500e+02 2.3774e-02
2.2600e+02 2.1571e-02
2.2700e+02 1.8525e-02
2.2800e+02 2.4260e-02
2.2900e+02 2.3907e-02
2.3000e+02 2.4290e-02
2.3100e+02 2.0143e-02
2.3200e+02 1.8743e-02
2.3300e+02 2.0017e-02
2.3400e+02 1.9194e-02
2.3500e+02 2.0222e-02
2.3600e+02 1.9731e-02
2.3700e+02 2.0247e-02
2.3800e+02 1.9913e-02
2.3900e+02 2.2644e-02
2.4000e+02 1.9554e-02
2.4100e+02 2.5662e-02
2.4200e+02 2.3362e-02
2.4300e+02 2.1418e-02
2.4400e+02 2.2573e-02
2.4500e+02 2.2034e-02
2.4600e+02 1.9146e-02
2.4700e+02 2.0398e-02
2.4800e+02 2.0903e-02
2.4900e+02 2.0859e-02
2.5000e+02 2.4913e-02
2.5100e+02 2.0845e-02
2.5200e+02 2.4451e-02
2.5300e+02 2.2504e-02
2.5400e+02 2.1982e-02
2.5500e+02 2.3031e-02
2.5600e+02 2.3180e-02
2.5700e+02 3.4401e-02
2.5800e+02 3.1531e-02
2.5900e+02 3.2653e-02
2.6000e+02 3.2360e-02
2.6100e+02 3.3042e-02
2.6200e+02 3.3232e-02
2.6300e+02 3.3832e-02
2.6400e+02 4.1002e-02
2.6500e+02 3.4844e-02
2.6600e+02 3.3844e-02
2.6700e+02 3.4368e-02
2.6800e+02 3.6044e-02
2.6900e+02 3.4361e-02
2.7000e+02 3.5681e-02
2.7100e+02 3.6455e-02
2.7200e+02 3.7728e-02
2.7300e+02 3.7887e-02
2.7400e+02 3.5445e-02
2.7500e+02 3.5999e-02
2.7600e+02 3.6645e-02
2.7700e+02 3.5566e-02
2.7800e+02 3.7747e-02
2.7900e+02 3.7889e-02
2.8000e+02 4.3619e-02
2.8100e+02 5.3378e-02
2.8200e+02 4.3476e-02
2.8300e+02 3.6181e-02
2.8400e+02 3.4636e-02
2.8500e+02 4.5587e-02
2.8600e+02 5.8423e-02
2.8700e+02 5.9656e-02
2.8800e+02 5.0956e-02
2.8900e+02 6.4494e-02
2.9000e+02 6.2976e-02
2.9100e+02 6.4871e-02
2.9200e+02 7.0433e-02
2.9300e+02 7.0217e-02
2.9400e+02 7.0708e-02
2.9500e+02 7.3135e-02
2.9600e+02 6.1373e-02
2.9700e+02 7.1535e-02
2.9800e+02 4.5546e-02
2.9900e+02 6.5075e-02
3.0000e+02 5.8280e-02
3.0100e+02 6.5247e-02
