2.0000e+00 6.1810e-03
2.0000e+00 6.1810e-03
3.0000e+00 3.3300e-03
4.0000e+00 2.2940e-03
5.0000e+00 3.5950e-03
6.0000e+00 2.2460e-03
7.0000e+00 3.9270e-03
8.0000e+00 2.2860e-03
9.0000e+00 3.0930e-03
1.0000e+01 3.4140e-03
1.1000e+01 2.3080e-03
1.2000e+01 2.1040e-03
1.3000e+01 2.2420e-03
1.4000e+01 2.2020e-03
1.5000e+01 1.8780e-03
1.6000e+01 2.0010e-03
1.7000e+01 3.6790e-03
1.8000e+01 3.2680e-03
1.9000e+01 1.8840e-03
2.0000e+01 2.0400e-03
2.1000e+01 1.9660e-03
2.2000e+01 2.1650e-03
2.3000e+01 3.2810e-03
2.4000e+01 2.2140e-03
2.5000e+01 2.3650e-03
2.6000e+01 3.3550e-03
2.7000e+01 2.8490e-03
2.8000e+01 3.2490e-03
2.9000e+01 3.3860e-03
3.0000e+01 3.7260e-03
3.1000e+01 3.6890e-03
3.2000e+01 3.1300e-03
3.3000e+01 2.8250e-03
3.4000e+01 3.5100e-03
3.5000e+01 2.4670e-03
3.6000e+01 3.0310e-03
3.7000e+01 2.6360e-03
3.8000e+01 2.4100e-03
3.9000e+01 2.5850e-03
4.0000e+01 2.6520e-03
4.1000e+01 2.4750e-03
4.2000e+01 2.3510e-03
4.3000e+01 2.3750e-03
4.4000e+01 2.7990e-03
4.5000e+01 2.6630e-03
4.6000e+01 2.5210e-03
4.7000e+01 2.7620e-03
4.8000e+01 2.9830e-03
4.9000e+01 2.4880e-03
5.0000e+01 2.6010e-03
5.1000e+01 2.7110e-03
5.2000e+01 3.3330e-03
5.3000e+01 2.9250e-03
5.4000e+01 2.7710e-03
5.5000e+01 2.8260e-03
5.6000e+01 3.0070e-03
5.7000e+01 2.9180e-03
5.8000e+01 2.8290e-03
5.9000e+01 3.1050e-03
6.0000e+01 3.0370e-03
6.1000e+01 2.8770e-03
6.2000e+01 3.9330e-03
6.3000e+01 3.6410e-03
6.4000e+01 3.3170e-03
6.5000e+01 3.9220e-03
6.6000e+01 3.9100e-03
6.7000e+01 3.2640e-03
6.8000e+01 3.2770e-03
6.9000e+01 3.2900e-03
7.0000e+01 3.4230e-03
7.1000e+01 3.6760e-03
7.2000e+01 3.2430e-03
7.3000e+01 3.5630e-03
7.4000e+01 3.7450e-03
7.5000e+01 3.5040e-03
7.6000e+01 3.2910e-03
7.7000e+01 3.2770e-03
7.8000e+01 3.4580e-03
7.9000e+01 3.8310e-03
8.0000e+01 3.5040e-03
8.1000e+01 3.6780e-03
8.2000e+01 3.6150e-03
8.3000e+01 3.7460e-03
8.4000e+01 3.7430e-03
8.5000e+01 3.7730e-03
8.6000e+01 3.9790e-03
8.7000e+01 3.8170e-03
8.8000e+01 3.7610e-03
8.9000e+01 4.1190e-03
9.0000e+01 4.0120e-03
9.1000e+01 4.0890e-03
9.2000e+01 4.3020e-03
9.3000e+01 4.5500e-03
9.4000e+01 4.4380e-03
9.5000e+01 4.4190e-03
9.6000e+01 3.9340e-03
9.7000e+01 4.6220e-03
9.8000e+01 4.2310e-03
9.9000e+01 4.7110e-03
1.0000e+02 4.8410e-03
1.0100e+02 5.0020e-03
1.0200e+02 4.7700e-03
1.0300e+02 4.9490e-03
1.0400e+02 5.2410e-03
1.0500e+02 5.1080e-03
1.0600e+02 4.5910e-03
1.0700e+02 5.7210e-03
1.0800e+02 5.1590e-03
1.0900e+02 4.7600e-03
1.1000e+02 5.0740e-03
1.1100e+02 5.2210e-03
1.1200e+02 5.4410e-03
1.1300e+02 4.8200e-03
1.1400e+02 5.4380e-03
1.1500e+02 5.6070e-03
1.1600e+02 5.6760e-03
1.1700e+02 5.7790e-03
1.1800e+02 5.7240e-03
1.1900e+02 6.0860e-03
1.2000e+02 5.8820e-03
1.2100e+02 6.6280e-03
1.2200e+02 6.3330e-03
1.2300e+02 7.0860e-03
1.2400e+02 6.5300e-03
1.2500e+02 7.3000e-03
1.2600e+02 6.4890e-03
1.2700e+02 9.4390e-03
1.2800e+02 9.4420e-03
1.2900e+02 8.7460e-03
1.3000e+02 9.3560e-03
1.3100e+02 8.5910e-03
1.3200e+02 9.9520e-03
1.3300e+02 8.2330e-03
1.3400e+02 7.4770e-03
1.3500e+02 7.7730e-03
1.3600e+02 7.7460e-03
1.3700e+02 8.9290e-03
1.3800e+02 7.5570e-03
1.3900e+02 8.2440e-03
1.4000e+02 8.0580e-03
1.4100e+02 8.4320e-03
1.4200e+02 8.1950e-03
1.4300e+02 1.0180e-02
1.4400e+02 9.6760e-03
1.4500e+02 1.1206e-02
1.4600e+02 9.5740e-03
1.4700e+02 8.9360e-03
1.4800e+02 9.1720e-03
1.4900e+02 9.5020e-03
1.5000e+02 1.0110e-02
1.5100e+02 9.2780e-03
1.5200e+02 9.2890e-03
1.5300e+02 9.2610e-03
1.5400e+02 9.8580e-03
1.5500e+02 1.0906e-02
1.5600e+02 9.4410e-03
1.5700e+02 1.1157e-02
1.5800e+02 1.0694e-02
1.5900e+02 1.0097e-02
1.6000e+02 1.0728e-02
1.6100e+02 9.8920e-03
1.6200e+02 1.0632e-02
1.6300e+02 1.1580e-02
1.6400e+02 1.0257e-02
1.6500e+02 1.1649e-02
1.6600e+02 1.0386e-02
1.6700e+02 1.0838e-02
1.6800e+02 1.0476e-02
1.6900e+02 1.1626e-02
1.7000e+02 1.0607e-02
1.7100e+02 1.1158e-02
1.7200e+02 1.1229e-02
1.7300e+02 1.1506e-02
1.7400e+02 1.0970e-02
1.7500e+02 1.1113e-02
1.7600e+02 1.0917e-02
1.7700e+02 1.8232e-02
1.7800e+02 1.7136e-02
1.7900e+02 1.5252e-02
1.8000e+02 1.1493e-02
1.8100e+02 1.2989e-02
1.8200e+02 1.1804e-02
1.8300e+02 1.2339e-02
1.8400e+02 1.1876e-02
1.8500e+02 1.2837e-02
1.8600e+02 1.2021e-02
1.8700e+02 1.2936e-02
1.8800e+02 1.2359e-02
1.8900e+02 1.3048e-02
1.9000e+02 1.2324e-02
1.9100e+02 1.3046e-02
1.9200e+02 1.2932e-02
1.9300e+02 1.3176e-02
1.9400e+02 1.3385e-02
1.9500e+02 1.3868e-02
1.9600e+02 1.3917e-02
1.9700e+02 1.3982e-02
1.9800e+02 1.4730e-02
1.9900e+02 1.4072e-02
2.0000e+02 1.3716e-02
2.0100e+02 1.4979e-02
2.0200e+02 1.4788e-02
2.0300e+02 1.4639e-02
2.0400e+02 1.4506e-02
2.0500e+02 1.4789e-02
2.0600e+02 1.4743e-02
2.0700e+02 1.4448e-02
2.0800e+02 1.5034e-02
2.0900e+02 1.5201e-02
2.1000e+02 1.6015e-02
2.1100e+02 1.5113e-02
2.1200e+02 1.5556e-02
2.1300e+02 1.5419e-02
2.1400e+02 1.5704e-02
2.1500e+02 2.3125e-02
2.1600e+02 2.2915e-02
2.1700e+02 1.9307e-02
2.1800e+02 1.6684e-02
2.1900e+02 1.8547e-02
2.2000e+02 1.7420e-02
2.2100e+02 1.7895e-02
2.2200e+02 1.8165e-02
2.2300e+02 2.0003e-02
2.2400e+02 1.9379e-02
2.2500e+02 2.0261e-02
2.2600e+02 2.0632e-02
2.2700e+02 2.1976e-02
2.2800e+02 2.2404e-02
2.2900e+02 2.2098e-02
2.3000e+02 2.0074e-02
2.3100e+02 2.2500e-02
2.3200e+02 2.0279e-02
2.3300e+02 2.4565e-02
2.3400e+02 2.3689e-02
2.3500e+02 2.3189e-02
2.3600e+02 2.5136e-02
2.3700e+02 2.7250e-02
2.3800e+02 2.2715e-02
2.3900e+02 2.7617e-02
2.4000e+02 2.8851e-02
2.4100e+02 2.5909e-02
2.4200e+02 2.4795e-02
2.4300e+02 2.2701e-02
2.4400e+02 2.2334e-02
2.4500e+02 2.7553e-02
2.4600e+02 2.1111e-02
2.4700e+02 2.7884e-02
2.4800e+02 2.9846e-02
2.4900e+02 2.4902e-02
2.5000e+02 2.1129e-02
2.5100e+02 2.3314e-02
2.5200e+02 2.6115e-02
2.5300e+02 3.2162e-02
2.5400e+02 2.5663e-02
2.5500e+02 2.8623e-02
2.5600e+02 2.9541e-02
2.5700e+02 3.8892e-02
2.5800e+02 4.0445e-02
2.5900e+02 5.1877e-02
2.6000e+02 5.0210e-02
2.6100e+02 4.4746e-02
2.6200e+02 4.8424e-02
2.6300e+02 4.9177e-02
2.6400e+02 4.6515e-02
2.6500e+02 4.8084e-02
2.6600e+02 4.5849e-02
2.6700e+02 4.8608e-02
2.6800e+02 4.5104e-02
2.6900e+02 4.7864e-02
2.7000e+02 5.2562e-02
2.7100e+02 4.4522e-02
2.7200e+02 4.3785e-02
2.7300e+02 4.2457e-02
2.7400e+02 4.6286e-02
2.7500e+02 4.6785e-02
2.7600e+02 4.8609e-02
2.7700e+02 4.7526e-02
2.7800e+02 4.6387e-02
2.7900e+02 5.0094e-02
2.8000e+02 4.7696e-02
2.8100e+02 5.1802e-02
2.8200e+02 5.5437e-02
2.8300e+02 4.8707e-02
2.8400e+02 5.0691e-02
2.8500e+02 4.9603e-02
2.8600e+02 4.9665e-02
2.8700e+02 5.1817e-02
2.8800e+02 4.3512e-02
2.8900e+02 4.5679e-02
2.9000e+02 4.5682e-02
2.9100e+02 5.1423e-02
2.9200e+02 4.4233e-02
2.9300e+02 4.1737e-02
2.9400e+02 5.6469e-02
2.9500e+02 4.1556e-02
2.9600e+02 4.2486e-02
2.9700e+02 4.3469e-02
2.9800e+02 4.2291e-02
2.9900e+02 4.3304e-02
3.0000e+02 4.2990e-02
3.0100e+02 4.5047e-02
