1.0000e+00 3.0900e-04
1.0000e+00 3.0900e-04
2.0000e+00 6.2440e-03
3.0000e+00 7.2850e-03
4.0000e+00 5.9480e-03
5.0000e+00 6.1710e-03
6.0000e+00 7.0230e-03
7.0000e+00 7.2560e-03
8.0000e+00 7.2560e-03
9.0000e+00 8.1250e-03
1.0000e+01 6.8490e-03
1.1000e+01 7.2200e-03
1.2000e+01 7.3050e-03
1.3000e+01 7.1210e-03
1.4000e+01 7.8120e-03
1.5000e+01 8.9200e-03
1.6000e+01 1.0221e-02
1.7000e+01 1.1210e-02
1.8000e+01 1.2288e-02
1.9000e+01 1.6490e-02
2.0000e+01 1.0427e-02
2.1000e+01 1.4531e-02
2.2000e+01 1.1340e-02
2.3000e+01 1.2286e-02
2.4000e+01 1.2312e-02
2.5000e+01 1.4809e-02
2.6000e+01 1.2572e-02
2.7000e+01 1.6723e-02
2.8000e+01 1.3406e-02
2.9000e+01 1.3747e-02
3.0000e+01 2.1360e-02
3.1000e+01 2.1690e-02
3.2000e+01 1.5145e-02
3.3000e+01 3.3284e-02
3.4000e+01 3.6402e-02
3.5000e+01 3.7864e-02
3.6000e+01 3.8800e-02
3.7000e+01 3.2556e-02
3.8000e+01 3.3582e-02
3.9000e+01 3.6945e-02
4.0000e+01 3.1227e-02
4.1000e+01 3.4441e-02
4.2000e+01 3.3545e-02
4.3000e+01 3.6259e-02
4.4000e+01 4.6734e-02
4.5000e+01 4.4644e-02
4.6000e+01 4.8288e-02
4.7000e+01 4.8472e-02
4.8000e+01 4.8337e-02
4.9000e+01 5.9223e-02
5.0000e+01 6.5800e-02
5.1000e+01 6.2629e-02
5.2000e+01 5.3987e-02
5.3000e+01 5.9446e-02
5.4000e+01 6.6117e-02
5.5000e+01 6.8109e-02
5.6000e+01 6.2657e-02
5.7000e+01 7.1434e-02
5.8000e+01 6.8266e-02
5.9000e+01 6.1274e-02
6.0000e+01 6.4156e-02
6.1000e+01 6.1385e-02
6.2000e+01 6.9662e-02
6.3000e+01 7.2842e-02
6.4000e+01 6.9536e-02
6.5000e+01 8.2921e-02
6.6000e+01 7.8869e-02
6.7000e+01 8.4808e-02
6.8000e+01 8.6654e-02
6.9000e+01 8.2063e-02
7.0000e+01 7.1272e-02
7.1000e+01 8.7734e-02
7.2000e+01 8.7117e-02
7.3000e+01 1.0971e-01
7.4000e+01 8.8990e-02
7.5000e+01 1.0542e-01
7.6000e+01 1.0093e-01
7.7000e+01 1.1348e-01
7.8000e+01 1.0827e-01
7.9000e+01 1.1068e-01
8.0000e+01 9.8881e-02
8.1000e+01 1.1845e-01
8.2000e+01 1.2043e-01
8.3000e+01 1.2358e-01
8.4000e+01 1.1846e-01
8.5000e+01 1.2535e-01
8.6000e+01 1.2475e-01
8.7000e+01 1.3905e-01
8.8000e+01 1.2230e-01
8.9000e+01 1.3143e-01
9.0000e+01 1.4844e-01
9.1000e+01 1.3800e-01
9.2000e+01 1.4348e-01
9.3000e+01 1.4762e-01
9.4000e+01 1.5483e-01
9.5000e+01 1.4899e-01
9.6000e+01 1.5759e-01
9.7000e+01 1.5953e-01
9.8000e+01 1.6004e-01
9.9000e+01 1.7193e-01
1.0000e+02 1.9375e-01
1.0000e+00 3.1900e-04
2.0000e+00 7.2740e-03
3.0000e+00 7.1160e-03
4.0000e+00 7.0000e-03
5.0000e+00 9.0420e-03
6.0000e+00 7.2450e-03
7.0000e+00 8.6800e-03
8.0000e+00 7.6900e-03
9.0000e+00 7.4360e-03
1.0000e+01 9.4310e-03
1.1000e+01 8.7710e-03
1.2000e+01 8.3220e-03
1.3000e+01 7.9060e-03
1.4000e+01 6.9700e-03
1.5000e+01 8.4750e-03
1.6000e+01 9.4000e-03
1.7000e+01 9.8390e-03
1.8000e+01 9.5420e-03
1.9000e+01 1.1022e-02
2.0000e+01 1.1616e-02
2.1000e+01 1.1143e-02
2.2000e+01 1.2082e-02
2.3000e+01 1.2856e-02
2.4000e+01 9.4820e-03
2.5000e+01 1.1738e-02
2.6000e+01 1.2258e-02
2.7000e+01 1.4248e-02
2.8000e+01 1.1885e-02
2.9000e+01 1.4737e-02
3.0000e+01 1.3895e-02
3.1000e+01 1.3920e-02
3.2000e+01 1.4307e-02
3.3000e+01 3.6061e-02
3.4000e+01 3.1762e-02
3.5000e+01 4.2801e-02
3.6000e+01 3.6458e-02
3.7000e+01 3.8934e-02
3.8000e+01 3.5188e-02
3.9000e+01 4.1970e-02
4.0000e+01 3.3885e-02
4.1000e+01 3.8827e-02
4.2000e+01 3.5157e-02
4.3000e+01 3.9796e-02
4.4000e+01 3.8168e-02
4.5000e+01 4.2123e-02
4.6000e+01 4.1214e-02
4.7000e+01 4.4458e-02
4.8000e+01 3.9470e-02
4.9000e+01 5.9619e-02
5.0000e+01 6.5873e-02
5.1000e+01 5.9491e-02
5.2000e+01 6.0877e-02
5.3000e+01 5.6767e-02
5.4000e+01 6.3441e-02
5.5000e+01 6.1229e-02
5.6000e+01 6.3037e-02
5.7000e+01 6.6757e-02
5.8000e+01 6.4570e-02
5.9000e+01 7.0135e-02
6.0000e+01 7.3446e-02
6.1000e+01 7.6290e-02
6.2000e+01 7.4761e-02
6.3000e+01 7.3846e-02
6.4000e+01 7.2027e-02
6.5000e+01 8.3755e-02
6.6000e+01 6.3339e-02
6.7000e+01 6.8427e-02
6.8000e+01 9.2453e-02
6.9000e+01 9.1704e-02
7.0000e+01 9.8936e-02
7.1000e+01 1.0334e-01
7.2000e+01 1.0004e-01
7.3000e+01 1.0062e-01
7.4000e+01 1.0327e-01
7.5000e+01 1.0590e-01
7.6000e+01 9.5745e-02
7.7000e+01 1.1327e-01
7.8000e+01 1.0809e-01
7.9000e+01 1.1525e-01
8.0000e+01 9.9404e-02
8.1000e+01 1.1790e-01
8.2000e+01 1.2810e-01
8.3000e+01 1.4214e-01
8.4000e+01 1.2998e-01
8.5000e+01 1.2576e-01
8.6000e+01 1.3562e-01
8.7000e+01 1.3852e-01
8.8000e+01 1.2907e-01
8.9000e+01 1.2985e-01
9.0000e+01 1.3313e-01
9.1000e+01 1.6456e-01
9.2000e+01 1.4267e-01
9.3000e+01 1.3804e-01
9.4000e+01 1.6342e-01
9.5000e+01 1.7307e-01
9.6000e+01 1.5485e-01
9.7000e+01 1.6116e-01
9.8000e+01 1.6478e-01
9.9000e+01 1.8054e-01
1.0000e+02 1.8184e-01
1.0000e+00 3.9900e-04
2.0000e+00 1.3959e-02
3.0000e+00 1.0598e-02
4.0000e+00 1.7465e-02
5.0000e+00 1.1209e-02
6.0000e+00 1.2025e-02
7.0000e+00 1.3584e-02
8.0000e+00 1.3111e-02
9.0000e+00 1.0744e-02
1.0000e+01 1.1809e-02
1.1000e+01 1.1236e-02
1.2000e+01 1.2769e-02
1.3000e+01 1.2770e-02
1.4000e+01 1.8188e-02
1.5000e+01 1.5290e-02
1.6000e+01 1.3942e-02
1.7000e+01 1.6915e-02
1.8000e+01 1.7504e-02
1.9000e+01 1.4013e-02
2.0000e+01 1.9319e-02
2.1000e+01 1.5421e-02
2.2000e+01 1.4041e-02
2.3000e+01 1.9586e-02
2.4000e+01 1.6237e-02
2.5000e+01 1.7565e-02
2.6000e+01 1.8287e-02
2.7000e+01 2.0417e-02
2.8000e+01 1.6466e-02
2.9000e+01 1.9171e-02
3.0000e+01 2.1511e-02
3.1000e+01 2.8785e-02
3.2000e+01 2.1846e-02
3.3000e+01 3.6009e-02
3.4000e+01 4.4937e-02
3.5000e+01 4.1141e-02
3.6000e+01 4.4567e-02
3.7000e+01 4.6947e-02
3.8000e+01 4.4139e-02
3.9000e+01 4.4617e-02
4.0000e+01 4.1592e-02
4.1000e+01 4.6187e-02
4.2000e+01 4.2918e-02
4.3000e+01 4.8900e-02
4.4000e+01 4.8062e-02
4.5000e+01 5.2857e-02
4.6000e+01 5.1205e-02
4.7000e+01 5.4683e-02
4.8000e+01 3.9475e-02
4.9000e+01 4.3056e-02
5.0000e+01 5.3884e-02
5.1000e+01 6.2481e-02
5.2000e+01 6.5767e-02
5.3000e+01 7.8926e-02
5.4000e+01 7.0171e-02
5.5000e+01 6.9136e-02
5.6000e+01 6.7856e-02
5.7000e+01 7.4540e-02
5.8000e+01 7.3934e-02
5.9000e+01 7.8624e-02
6.0000e+01 7.9252e-02
6.1000e+01 8.8262e-02
6.2000e+01 9.0120e-02
6.3000e+01 9.2613e-02
6.4000e+01 8.8228e-02
6.5000e+01 1.0109e-01
6.6000e+01 9.7037e-02
6.7000e+01 9.6045e-02
6.8000e+01 1.0348e-01
6.9000e+01 1.1275e-01
7.0000e+01 1.0314e-01
7.1000e+01 1.1919e-01
7.2000e+01 1.0934e-01
7.3000e+01 9.8617e-02
7.4000e+01 1.2289e-01
7.5000e+01 1.2291e-01
7.6000e+01 1.1930e-01
7.7000e+01 1.2301e-01
7.8000e+01 1.2428e-01
7.9000e+01 1.1959e-01
8.0000e+01 1.3022e-01
8.1000e+01 1.1737e-01
8.2000e+01 1.0778e-01
8.3000e+01 1.1517e-01
8.4000e+01 1.5194e-01
8.5000e+01 1.4330e-01
8.6000e+01 1.5236e-01
8.7000e+01 1.7844e-01
8.8000e+01 1.4415e-01
8.9000e+01 1.6145e-01
9.0000e+01 1.5638e-01
9.1000e+01 1.5285e-01
9.2000e+01 1.6028e-01
9.3000e+01 1.6778e-01
9.4000e+01 1.0908e-01
9.5000e+01 1.6733e-01
9.6000e+01 1.7804e-01
9.7000e+01 1.8372e-01
9.8000e+01 1.8646e-01
9.9000e+01 1.6852e-01
1.0000e+02 1.6416e-01
1.0000e+00 3.2100e-04
2.0000e+00 7.6770e-03
3.0000e+00 8.0850e-03
4.0000e+00 7.4460e-03
5.0000e+00 7.6010e-03
6.0000e+00 6.4690e-03
7.0000e+00 7.0090e-03
8.0000e+00 6.6700e-03
9.0000e+00 7.3440e-03
1.0000e+01 7.4080e-03
1.1000e+01 7.4240e-03
1.2000e+01 7.5490e-03
1.3000e+01 9.6410e-03
1.4000e+01 7.4370e-03
1.5000e+01 7.2590e-03
1.6000e+01 8.4410e-03
1.7000e+01 1.0968e-02
1.8000e+01 9.0980e-03
1.9000e+01 1.1354e-02
2.0000e+01 1.1416e-02
2.1000e+01 9.6230e-03
2.2000e+01 1.0719e-02
2.3000e+01 1.0730e-02
2.4000e+01 1.2595e-02
2.5000e+01 1.0275e-02
2.6000e+01 1.2061e-02
2.7000e+01 1.1522e-02
2.8000e+01 1.3503e-02
2.9000e+01 1.1153e-02
3.0000e+01 1.4306e-02
3.1000e+01 1.2571e-02
3.2000e+01 1.5551e-02
3.3000e+01 3.5851e-02
3.4000e+01 3.4145e-02
3.5000e+01 4.0065e-02
3.6000e+01 3.8895e-02
3.7000e+01 4.4098e-02
3.8000e+01 4.1596e-02
3.9000e+01 4.1685e-02
4.0000e+01 4.0910e-02
4.1000e+01 4.6077e-02
4.2000e+01 4.4327e-02
4.3000e+01 4.4600e-02
4.4000e+01 4.1375e-02
4.5000e+01 4.5472e-02
4.6000e+01 3.9842e-02
4.7000e+01 3.9896e-02
4.8000e+01 3.9847e-02
4.9000e+01 4.9691e-02
5.0000e+01 5.3826e-02
5.1000e+01 5.8324e-02
5.2000e+01 4.8096e-02
5.3000e+01 5.5410e-02
5.4000e+01 5.7338e-02
5.5000e+01 6.1605e-02
5.6000e+01 5.6246e-02
5.7000e+01 5.8765e-02
5.8000e+01 6.3061e-02
5.9000e+01 6.7911e-02
6.0000e+01 6.5951e-02
6.1000e+01 6.8997e-02
6.2000e+01 6.5126e-02
6.3000e+01 7.1729e-02
6.4000e+01 6.8103e-02
6.5000e+01 8.4843e-02
6.6000e+01 8.1167e-02
6.7000e+01 8.5095e-02
6.8000e+01 8.2116e-02
6.9000e+01 8.2699e-02
7.0000e+01 9.2191e-02
7.1000e+01 9.4802e-02
7.2000e+01 1.0102e-01
7.3000e+01 9.8653e-02
7.4000e+01 9.5824e-02
7.5000e+01 1.0179e-01
7.6000e+01 9.5096e-02
7.7000e+01 1.0434e-01
7.8000e+01 9.9251e-02
7.9000e+01 1.1286e-01
8.0000e+01 1.0119e-01
8.1000e+01 1.1909e-01
8.2000e+01 1.1880e-01
8.3000e+01 1.1964e-01
8.4000e+01 1.1802e-01
8.5000e+01 1.2912e-01
8.6000e+01 1.2117e-01
8.7000e+01 1.3845e-01
8.8000e+01 1.2937e-01
8.9000e+01 1.4119e-01
9.0000e+01 1.3873e-01
9.1000e+01 1.4372e-01
9.2000e+01 1.2446e-01
9.3000e+01 1.4303e-01
9.4000e+01 1.5456e-01
9.5000e+01 1.5566e-01
9.6000e+01 1.3699e-01
9.7000e+01 1.6867e-01
9.8000e+01 1.6210e-01
9.9000e+01 1.6727e-01
1.0000e+02 1.7136e-01
1.0000e+00 9.5600e-04
2.0000e+00 5.6470e-03
3.0000e+00 5.5050e-03
4.0000e+00 5.9190e-03
5.0000e+00 6.1290e-03
6.0000e+00 4.8820e-03
7.0000e+00 5.3370e-03
8.0000e+00 6.0260e-03
9.0000e+00 6.9700e-03
1.0000e+01 5.4080e-03
1.1000e+01 7.7000e-03
1.2000e+01 4.0960e-03
1.3000e+01 7.4170e-03
1.4000e+01 4.1380e-03
1.5000e+01 6.4510e-03
1.6000e+01 7.3000e-03
1.7000e+01 5.7290e-03
1.8000e+01 7.4060e-03
1.9000e+01 5.2160e-03
2.0000e+01 8.6810e-03
2.1000e+01 9.3760e-03
2.2000e+01 9.6400e-03
2.3000e+01 6.3910e-03
2.4000e+01 7.5760e-03
2.5000e+01 9.9410e-03
2.6000e+01 6.4590e-03
2.7000e+01 7.2880e-03
2.8000e+01 6.7780e-03
2.9000e+01 6.1870e-03
3.0000e+01 6.3960e-03
3.1000e+01 1.1120e-02
3.2000e+01 8.3990e-03
3.3000e+01 7.9170e-03
3.4000e+01 7.6500e-03
3.5000e+01 8.2470e-03
3.6000e+01 8.0020e-03
3.7000e+01 7.6630e-03
3.8000e+01 8.3850e-03
3.9000e+01 1.3161e-02
4.0000e+01 1.1133e-02
4.1000e+01 1.2892e-02
4.2000e+01 9.0000e-03
4.3000e+01 1.1268e-02
4.4000e+01 1.1507e-02
4.5000e+01 1.5386e-02
4.6000e+01 1.6485e-02
4.7000e+01 1.4442e-02
4.8000e+01 1.0662e-02
4.9000e+01 1.6489e-02
5.0000e+01 1.5663e-02
5.1000e+01 1.6812e-02
5.2000e+01 1.5763e-02
5.3000e+01 1.7438e-02
5.4000e+01 1.5657e-02
5.5000e+01 2.3250e-02
5.6000e+01 1.9407e-02
5.7000e+01 1.6948e-02
5.8000e+01 1.5657e-02
5.9000e+01 2.6854e-02
6.0000e+01 2.0701e-02
6.1000e+01 1.7495e-02
6.2000e+01 1.7120e-02
6.3000e+01 2.4153e-02
6.4000e+01 2.5334e-02
6.5000e+01 1.8200e-02
6.6000e+01 2.0962e-02
6.7000e+01 2.8221e-02
6.8000e+01 2.4342e-02
6.9000e+01 2.1174e-02
7.0000e+01 2.7127e-02
7.1000e+01 2.7100e-02
7.2000e+01 2.2805e-02
7.3000e+01 2.7157e-02
7.4000e+01 3.6722e-02
7.5000e+01 3.1933e-02
7.6000e+01 3.8234e-02
7.7000e+01 3.5832e-02
7.8000e+01 3.4286e-02
7.9000e+01 3.8581e-02
8.0000e+01 2.7669e-02
8.1000e+01 3.3114e-02
8.2000e+01 2.8891e-02
8.3000e+01 3.1558e-02
8.4000e+01 3.4910e-02
8.5000e+01 3.1557e-02
8.6000e+01 3.4975e-02
8.7000e+01 3.8988e-02
8.8000e+01 3.1379e-02
8.9000e+01 3.5173e-02
9.0000e+01 3.6501e-02
9.1000e+01 4.1483e-02
9.2000e+01 3.6190e-02
9.3000e+01 3.9646e-02
9.4000e+01 4.2358e-02
9.5000e+01 4.2272e-02
9.6000e+01 4.1268e-02
9.7000e+01 4.2654e-02
9.8000e+01 4.1002e-02
9.9000e+01 5.1786e-02
1.0000e+02 4.4573e-02
