2.0000e+00 4.7810e-03
2.0000e+00 4.7810e-03
3.0000e+00 1.0710e-03
4.0000e+00 1.4840e-03
5.0000e+00 2.5120e-03
6.0000e+00 2.2400e-03
7.0000e+00 2.7200e-03
8.0000e+00 2.6300e-03
9.0000e+00 2.8800e-03
1.0000e+01 2.7050e-03
1.1000e+01 2.4560e-03
1.2000e+01 3.2130e-03
1.3000e+01 3.0580e-03
1.4000e+01 2.6730e-03
1.5000e+01 1.7810e-03
1.6000e+01 2.1310e-03
1.7000e+01 2.3960e-03
1.8000e+01 3.0650e-03
1.9000e+01 2.2670e-03
2.0000e+01 1.9770e-03
2.1000e+01 2.2880e-03
2.2000e+01 3.0140e-03
2.3000e+01 3.5510e-03
2.4000e+01 2.1900e-03
2.5000e+01 3.0550e-03
2.6000e+01 3.5850e-03
2.7000e+01 4.7050e-03
2.8000e+01 3.0540e-03
2.9000e+01 2.0750e-03
3.0000e+01 3.2720e-03
3.1000e+01 3.9500e-03
3.2000e+01 4.1280e-03
3.3000e+01 8.0740e-03
3.4000e+01 7.5030e-03
3.5000e+01 8.4380e-03
3.6000e+01 8.6440e-03
3.7000e+01 7.5690e-03
3.8000e+01 6.9040e-03
3.9000e+01 9.1920e-03
4.0000e+01 8.5790e-03
4.1000e+01 9.0780e-03
4.2000e+01 8.9650e-03
4.3000e+01 8.4190e-03
4.4000e+01 7.5980e-03
4.5000e+01 6.8960e-03
4.6000e+01 1.0713e-02
4.7000e+01 9.4340e-03
4.8000e+01 8.7490e-03
4.9000e+01 1.2552e-02
5.0000e+01 1.2856e-02
5.1000e+01 1.2376e-02
