2.0000e+00 5.1970e-03
2.0000e+00 5.1970e-03
3.0000e+00 6.3910e-03
4.0000e+00 5.8520e-03
5.0000e+00 5.1890e-03
6.0000e+00 4.6410e-03
7.0000e+00 7.3260e-03
8.0000e+00 4.9640e-03
9.0000e+00 4.8560e-03
1.0000e+01 5.5670e-03
1.1000e+01 6.6830e-03
1.2000e+01 5.2060e-03
1.3000e+01 4.7700e-03
1.4000e+01 4.9790e-03
1.5000e+01 7.9860e-03
1.6000e+01 5.5410e-03
1.7000e+01 4.9030e-03
1.8000e+01 7.5140e-03
1.9000e+01 5.1590e-03
2.0000e+01 6.2110e-03
2.1000e+01 5.8510e-03
2.2000e+01 5.3080e-03
2.3000e+01 5.3960e-03
2.4000e+01 6.6250e-03
2.5000e+01 6.0840e-03
2.6000e+01 5.3300e-03
2.7000e+01 7.9440e-03
2.8000e+01 5.5920e-03
2.9000e+01 6.0310e-03
3.0000e+01 5.3660e-03
3.1000e+01 6.1820e-03
3.2000e+01 6.7030e-03
3.3000e+01 6.1220e-03
3.4000e+01 5.7310e-03
3.5000e+01 6.7160e-03
3.6000e+01 6.8670e-03
3.7000e+01 6.8040e-03
3.8000e+01 5.5760e-03
3.9000e+01 6.0050e-03
4.0000e+01 5.7780e-03
4.1000e+01 9.0100e-03
4.2000e+01 6.2430e-03
4.3000e+01 6.5390e-03
4.4000e+01 5.9500e-03
4.5000e+01 6.5400e-03
4.6000e+01 8.1220e-03
4.7000e+01 6.2600e-03
4.8000e+01 6.0450e-03
4.9000e+01 6.5000e-03
5.0000e+01 7.3230e-03
5.1000e+01 6.6660e-03
5.2000e+01 6.5720e-03
5.3000e+01 6.5730e-03
5.4000e+01 6.1220e-03
5.5000e+01 6.7410e-03
5.6000e+01 6.8380e-03
5.7000e+01 6.7930e-03
5.8000e+01 6.2750e-03
5.9000e+01 6.7970e-03
6.0000e+01 7.8490e-03
6.1000e+01 8.1550e-03
6.2000e+01 7.3050e-03
6.3000e+01 8.1190e-03
6.4000e+01 8.2880e-03
6.5000e+01 8.0720e-03
6.6000e+01 9.5120e-03
6.7000e+01 7.6420e-03
6.8000e+01 7.5510e-03
6.9000e+01 7.3080e-03
7.0000e+01 1.0321e-02
7.1000e+01 7.8770e-03
7.2000e+01 8.1240e-03
7.3000e+01 7.9960e-03
7.4000e+01 8.0970e-03
7.5000e+01 8.3110e-03
7.6000e+01 7.9580e-03
7.7000e+01 7.9960e-03
7.8000e+01 9.4780e-03
7.9000e+01 8.3970e-03
8.0000e+01 8.1930e-03
8.1000e+01 8.4140e-03
8.2000e+01 8.3090e-03
8.3000e+01 8.5900e-03
8.4000e+01 8.8800e-03
8.5000e+01 1.0779e-02
8.6000e+01 9.4320e-03
8.7000e+01 9.4490e-03
8.8000e+01 8.8210e-03
8.9000e+01 9.1500e-03
9.0000e+01 1.0014e-02
9.1000e+01 8.9000e-03
9.2000e+01 9.4030e-03
9.3000e+01 9.5570e-03
9.4000e+01 9.8570e-03
9.5000e+01 9.7640e-03
9.6000e+01 1.0498e-02
9.7000e+01 1.0060e-02
9.8000e+01 9.6000e-03
9.9000e+01 1.0328e-02
1.0000e+02 1.1213e-02
1.0100e+02 1.0076e-02
1.0200e+02 1.0448e-02
1.0300e+02 1.1572e-02
1.0400e+02 1.0393e-02
1.0500e+02 1.3789e-02
1.0600e+02 1.1479e-02
1.0700e+02 1.0871e-02
1.0800e+02 1.0212e-02
1.0900e+02 1.3227e-02
1.1000e+02 1.0830e-02
1.1100e+02 1.1313e-02
1.1200e+02 1.1896e-02
1.1300e+02 1.2265e-02
1.1400e+02 1.1433e-02
1.1500e+02 1.2298e-02
1.1600e+02 1.3119e-02
1.1700e+02 1.3004e-02
1.1800e+02 1.1782e-02
1.1900e+02 1.2572e-02
1.2000e+02 1.5502e-02
1.2100e+02 1.5689e-02
1.2200e+02 1.2063e-02
1.2300e+02 1.3392e-02
1.2400e+02 1.4480e-02
1.2500e+02 1.3694e-02
1.2600e+02 1.3546e-02
1.2700e+02 1.3203e-02
1.2800e+02 1.5654e-02
1.2900e+02 1.5710e-02
1.3000e+02 1.5661e-02
1.3100e+02 1.7758e-02
1.3200e+02 1.7548e-02
1.3300e+02 1.5397e-02
1.3400e+02 1.7322e-02
1.3500e+02 1.7266e-02
1.3600e+02 1.5613e-02
1.3700e+02 1.7405e-02
1.3800e+02 1.5628e-02
1.3900e+02 1.7179e-02
1.4000e+02 1.8385e-02
1.4100e+02 1.7535e-02
1.4200e+02 1.6731e-02
1.4300e+02 1.6299e-02
1.4400e+02 1.8496e-02
1.4500e+02 1.6884e-02
1.4600e+02 1.8604e-02
1.4700e+02 1.6791e-02
1.4800e+02 1.6451e-02
1.4900e+02 1.7724e-02
1.5000e+02 1.6920e-02
1.5100e+02 1.8422e-02
1.5200e+02 1.8092e-02
1.5300e+02 1.8532e-02
1.5400e+02 2.0071e-02
1.5500e+02 1.7404e-02
1.5600e+02 1.8155e-02
1.5700e+02 1.8399e-02
1.5800e+02 1.8397e-02
1.5900e+02 2.2174e-02
1.6000e+02 1.8843e-02
1.6100e+02 2.2315e-02
1.6200e+02 2.0173e-02
1.6300e+02 2.2547e-02
1.6400e+02 1.8473e-02
1.6500e+02 2.2195e-02
1.6600e+02 1.9104e-02
1.6700e+02 2.0339e-02
1.6800e+02 2.0837e-02
1.6900e+02 2.2673e-02
1.7000e+02 2.3443e-02
1.7100e+02 2.2825e-02
1.7200e+02 2.3712e-02
1.7300e+02 2.0912e-02
1.7400e+02 2.2550e-02
1.7500e+02 2.2499e-02
1.7600e+02 2.2104e-02
1.7700e+02 2.2440e-02
1.7800e+02 2.0971e-02
1.7900e+02 2.5072e-02
1.8000e+02 2.1605e-02
1.8100e+02 2.3537e-02
1.8200e+02 2.2707e-02
1.8300e+02 2.5122e-02
1.8400e+02 2.2064e-02
1.8500e+02 2.5995e-02
1.8600e+02 2.7931e-02
1.8700e+02 2.5929e-02
1.8800e+02 2.3971e-02
1.8900e+02 2.5659e-02
1.9000e+02 2.5540e-02
1.9100e+02 2.5047e-02
1.9200e+02 2.4678e-02
1.9300e+02 2.6054e-02
1.9400e+02 2.7531e-02
1.9500e+02 2.5944e-02
1.9600e+02 2.8476e-02
1.9700e+02 2.7457e-02
1.9800e+02 2.4894e-02
1.9900e+02 2.6654e-02
2.0000e+02 2.8573e-02
2.0100e+02 2.6062e-02
2.0200e+02 2.8614e-02
2.0300e+02 3.0730e-02
2.0400e+02 2.7090e-02
2.0500e+02 2.7363e-02
2.0600e+02 2.7331e-02
2.0700e+02 2.8844e-02
2.0800e+02 3.0579e-02
2.0900e+02 2.8604e-02
2.1000e+02 3.0797e-02
2.1100e+02 3.0031e-02
2.1200e+02 3.0877e-02
2.1300e+02 3.0789e-02
2.1400e+02 3.0656e-02
2.1500e+02 3.1384e-02
2.1600e+02 3.1143e-02
2.1700e+02 3.1149e-02
2.1800e+02 3.2773e-02
2.1900e+02 2.9903e-02
2.2000e+02 3.3675e-02
2.2100e+02 3.2527e-02
2.2200e+02 3.1548e-02
2.2300e+02 3.0914e-02
2.2400e+02 3.1715e-02
2.2500e+02 3.2121e-02
2.2600e+02 3.2080e-02
2.2700e+02 3.3857e-02
2.2800e+02 3.3293e-02
2.2900e+02 3.5298e-02
2.3000e+02 3.4168e-02
2.3100e+02 3.4390e-02
2.3200e+02 3.2121e-02
2.3300e+02 3.2522e-02
2.3400e+02 3.5331e-02
2.3500e+02 3.3056e-02
2.3600e+02 3.2621e-02
2.3700e+02 3.4143e-02
2.3800e+02 3.2317e-02
2.3900e+02 3.4021e-02
2.4000e+02 3.7951e-02
2.4100e+02 3.6786e-02
2.4200e+02 3.6489e-02
2.4300e+02 3.7469e-02
2.4400e+02 3.3542e-02
2.4500e+02 3.7799e-02
2.4600e+02 3.5165e-02
2.4700e+02 3.7744e-02
2.4800e+02 3.7611e-02
2.4900e+02 4.0307e-02
2.5000e+02 4.0438e-02
2.5100e+02 3.6980e-02
2.5200e+02 3.7548e-02
2.5300e+02 3.5803e-02
2.5400e+02 3.9445e-02
2.5500e+02 4.3142e-02
2.5600e+02 3.9595e-02
2.5700e+02 6.3546e-02
2.5800e+02 6.7976e-02
2.5900e+02 6.5629e-02
2.6000e+02 6.4676e-02
2.6100e+02 6.3579e-02
2.6200e+02 6.3884e-02
2.6300e+02 6.6029e-02
2.6400e+02 6.3110e-02
2.6500e+02 6.6047e-02
2.6600e+02 6.6304e-02
2.6700e+02 6.4613e-02
2.6800e+02 7.4956e-02
2.6900e+02 6.7798e-02
2.7000e+02 7.0657e-02
2.7100e+02 6.8685e-02
2.7200e+02 6.9302e-02
2.7300e+02 7.5481e-02
2.7400e+02 7.1371e-02
2.7500e+02 7.3791e-02
2.7600e+02 7.7151e-02
2.7700e+02 7.0721e-02
2.7800e+02 7.2075e-02
2.7900e+02 6.9688e-02
2.8000e+02 7.3590e-02
2.8100e+02 7.4680e-02
2.8200e+02 7.1449e-02
2.8300e+02 8.2581e-02
2.8400e+02 8.6909e-02
2.8500e+02 7.9739e-02
2.8600e+02 9.0108e-02
2.8700e+02 8.8952e-02
2.8800e+02 7.8823e-02
2.8900e+02 7.5227e-02
2.9000e+02 7.6335e-02
2.9100e+02 8.2100e-02
2.9200e+02 7.7065e-02
2.9300e+02 7.7687e-02
2.9400e+02 8.2519e-02
2.9500e+02 8.6047e-02
2.9600e+02 8.7543e-02
2.9700e+02 7.7820e-02
2.9800e+02 7.6409e-02
2.9900e+02 8.9506e-02
3.0000e+02 8.4484e-02
3.0100e+02 7.8892e-02
3.0200e+02 7.9521e-02
3.0300e+02 8.5361e-02
3.0400e+02 8.0673e-02
3.0500e+02 8.1494e-02
3.0600e+02 8.0395e-02
3.0700e+02 8.8274e-02
3.0800e+02 8.1657e-02
3.0900e+02 8.4353e-02
3.1000e+02 8.5611e-02
3.1100e+02 8.2591e-02
3.1200e+02 8.4335e-02
3.1300e+02 8.9256e-02
3.1400e+02 8.7525e-02
3.1500e+02 8.7639e-02
3.1600e+02 8.9957e-02
3.1700e+02 8.9423e-02
3.1800e+02 8.8038e-02
3.1900e+02 9.1269e-02
3.2000e+02 8.9973e-02
3.2100e+02 8.6813e-02
3.2200e+02 9.6306e-02
3.2300e+02 9.2686e-02
3.2400e+02 9.1736e-02
3.2500e+02 9.0877e-02
3.2600e+02 9.4444e-02
3.2700e+02 1.0173e-01
3.2800e+02 9.2943e-02
3.2900e+02 9.6200e-02
3.3000e+02 9.2902e-02
3.3100e+02 9.3343e-02
3.3200e+02 9.5764e-02
3.3300e+02 9.5364e-02
3.3400e+02 9.6239e-02
3.3500e+02 9.8571e-02
3.3600e+02 1.0356e-01
3.3700e+02 1.0123e-01
3.3800e+02 1.0018e-01
3.3900e+02 1.0068e-01
3.4000e+02 9.8541e-02
3.4100e+02 1.0074e-01
3.4200e+02 9.8133e-02
3.4300e+02 1.0859e-01
3.4400e+02 9.8848e-02
3.4500e+02 1.1517e-01
3.4600e+02 1.0176e-01
3.4700e+02 1.0433e-01
3.4800e+02 1.0421e-01
3.4900e+02 1.0526e-01
3.5000e+02 1.0965e-01
3.5100e+02 1.0086e-01
3.5200e+02 1.0257e-01
3.5300e+02 1.1694e-01
3.5400e+02 1.0945e-01
3.5500e+02 1.0499e-01
3.5600e+02 1.0710e-01
3.5700e+02 1.1564e-01
3.5800e+02 1.1021e-01
3.5900e+02 1.1278e-01
3.6000e+02 1.0945e-01
3.6100e+02 1.1746e-01
3.6200e+02 1.1670e-01
3.6300e+02 1.1648e-01
3.6400e+02 1.1725e-01
3.6500e+02 1.1969e-01
3.6600e+02 1.2006e-01
3.6700e+02 1.2162e-01
3.6800e+02 1.2056e-01
3.6900e+02 1.2509e-01
3.7000e+02 1.2304e-01
3.7100e+02 1.2893e-01
3.7200e+02 1.1745e-01
3.7300e+02 1.2082e-01
3.7400e+02 1.2599e-01
3.7500e+02 1.2952e-01
3.7600e+02 1.2712e-01
3.7700e+02 1.3222e-01
3.7800e+02 1.2433e-01
3.7900e+02 1.2942e-01
3.8000e+02 1.3229e-01
3.8100e+02 1.3173e-01
3.8200e+02 1.3018e-01
3.8300e+02 1.2671e-01
3.8400e+02 1.3061e-01
3.8500e+02 1.3454e-01
3.8600e+02 1.3522e-01
3.8700e+02 1.2928e-01
3.8800e+02 1.2100e-01
3.8900e+02 1.2766e-01
3.9000e+02 1.5692e-01
3.9100e+02 1.8019e-01
3.9200e+02 1.7894e-01
3.9300e+02 1.8279e-01
3.9400e+02 1.7984e-01
3.9500e+02 1.4691e-01
3.9600e+02 1.3640e-01
3.9700e+02 1.3832e-01
3.9800e+02 1.4346e-01
3.9900e+02 1.4242e-01
4.0000e+02 1.3880e-01
4.0100e+02 1.4569e-01
4.0200e+02 1.3904e-01
4.0300e+02 1.4940e-01
4.0400e+02 1.4135e-01
4.0500e+02 1.4606e-01
4.0600e+02 1.5808e-01
4.0700e+02 1.4755e-01
4.0800e+02 1.3921e-01
4.0900e+02 1.5248e-01
4.1000e+02 1.4943e-01
4.1100e+02 1.5921e-01
4.1200e+02 1.4810e-01
4.1300e+02 1.4774e-01
4.1400e+02 1.4922e-01
4.1500e+02 1.6524e-01
4.1600e+02 1.5442e-01
4.1700e+02 1.6064e-01
4.1800e+02 1.5523e-01
4.1900e+02 1.5617e-01
4.2000e+02 1.5054e-01
4.2100e+02 1.6136e-01
4.2200e+02 1.5530e-01
4.2300e+02 1.6361e-01
4.2400e+02 1.5751e-01
4.2500e+02 1.5601e-01
4.2600e+02 1.4798e-01
4.2700e+02 1.6157e-01
4.2800e+02 1.5291e-01
4.2900e+02 1.6802e-01
4.3000e+02 1.5667e-01
4.3100e+02 1.7234e-01
4.3200e+02 1.5477e-01
4.3300e+02 1.5930e-01
4.3400e+02 1.6654e-01
4.3500e+02 1.6983e-01
4.3600e+02 1.5916e-01
4.3700e+02 1.6936e-01
4.3800e+02 1.7565e-01
4.3900e+02 1.7179e-01
4.4000e+02 1.6722e-01
4.4100e+02 1.7587e-01
4.4200e+02 1.7016e-01
4.4300e+02 1.7691e-01
4.4400e+02 1.7245e-01
4.4500e+02 1.7893e-01
4.4600e+02 1.7570e-01
4.4700e+02 1.8365e-01
4.4800e+02 1.7271e-01
4.4900e+02 1.8879e-01
4.5000e+02 1.7593e-01
4.5100e+02 1.8785e-01
4.5200e+02 1.8378e-01
4.5300e+02 1.8968e-01
4.5400e+02 1.8101e-01
4.5500e+02 1.8808e-01
4.5600e+02 1.9124e-01
4.5700e+02 1.8668e-01
4.5800e+02 1.8561e-01
4.5900e+02 1.9079e-01
4.6000e+02 1.8821e-01
4.6100e+02 1.8854e-01
4.6200e+02 1.8684e-01
4.6300e+02 1.9736e-01
4.6400e+02 1.9089e-01
4.6500e+02 2.1476e-01
4.6600e+02 1.9544e-01
4.6700e+02 2.0317e-01
4.6800e+02 2.1940e-01
4.6900e+02 2.0453e-01
4.7000e+02 2.0120e-01
4.7100e+02 1.8972e-01
4.7200e+02 1.9169e-01
4.7300e+02 2.0298e-01
4.7400e+02 2.0845e-01
4.7500e+02 1.9763e-01
4.7600e+02 2.0798e-01
4.7700e+02 1.9929e-01
4.7800e+02 2.1918e-01
4.7900e+02 2.2089e-01
4.8000e+02 2.1280e-01
4.8100e+02 2.1404e-01
4.8200e+02 2.2149e-01
4.8300e+02 2.2428e-01
4.8400e+02 2.2603e-01
4.8500e+02 2.2504e-01
4.8600e+02 2.1488e-01
4.8700e+02 2.2339e-01
4.8800e+02 2.1765e-01
4.8900e+02 2.2818e-01
4.9000e+02 2.2549e-01
4.9100e+02 2.2474e-01
4.9200e+02 2.3112e-01
4.9300e+02 2.2229e-01
4.9400e+02 2.3672e-01
4.9500e+02 2.3679e-01
4.9600e+02 2.3481e-01
4.9700e+02 2.4360e-01
4.9800e+02 2.4337e-01
4.9900e+02 2.5272e-01
5.0000e+02 2.4455e-01
5.0100e+02 2.3813e-01
5.0200e+02 2.5866e-01
5.0300e+02 2.5632e-01
5.0400e+02 2.5096e-01
5.0500e+02 2.4478e-01
5.0600e+02 2.7566e-01
5.0700e+02 2.5957e-01
5.0800e+02 2.6816e-01
5.0900e+02 2.7001e-01
5.1000e+02 2.9361e-01
5.1100e+02 2.6407e-01
5.1200e+02 2.7531e-01
5.1300e+02 2.8714e-01
5.1400e+02 2.7264e-01
5.1500e+02 2.7516e-01
5.1600e+02 2.8163e-01
5.1700e+02 2.7854e-01
5.1800e+02 2.8463e-01
5.1900e+02 2.8442e-01
5.2000e+02 2.9226e-01
5.2100e+02 3.0059e-01
5.2200e+02 2.8867e-01
5.2300e+02 2.9175e-01
5.2400e+02 2.9648e-01
5.2500e+02 3.0462e-01
5.2600e+02 2.9602e-01
5.2700e+02 3.0462e-01
5.2800e+02 2.8773e-01
5.2900e+02 3.0537e-01
5.3000e+02 2.9703e-01
5.3100e+02 2.9558e-01
5.3200e+02 3.0230e-01
5.3300e+02 3.0369e-01
5.3400e+02 3.0189e-01
5.3500e+02 3.1952e-01
5.3600e+02 3.2558e-01
5.3700e+02 3.1032e-01
5.3800e+02 3.0536e-01
5.3900e+02 3.2030e-01
5.4000e+02 3.0625e-01
5.4100e+02 3.2989e-01
5.4200e+02 3.2132e-01
5.4300e+02 3.2106e-01
5.4400e+02 3.0230e-01
5.4500e+02 3.3385e-01
5.4600e+02 3.2964e-01
5.4700e+02 3.4534e-01
5.4800e+02 3.3258e-01
5.4900e+02 3.3939e-01
5.5000e+02 3.4323e-01
5.5100e+02 3.4594e-01
5.5200e+02 3.3215e-01
5.5300e+02 3.5010e-01
5.5400e+02 3.4206e-01
5.5500e+02 3.4050e-01
5.5600e+02 3.6007e-01
5.5700e+02 3.5907e-01
5.5800e+02 3.4607e-01
5.5900e+02 3.5739e-01
5.6000e+02 3.3925e-01
5.6100e+02 3.7008e-01
5.6200e+02 3.6928e-01
5.6300e+02 3.6628e-01
5.6400e+02 3.5770e-01
5.6500e+02 3.6944e-01
5.6600e+02 3.5987e-01
5.6700e+02 3.9040e-01
5.6800e+02 3.6122e-01
5.6900e+02 3.8183e-01
5.7000e+02 3.8009e-01
5.7100e+02 3.7782e-01
5.7200e+02 3.8393e-01
5.7300e+02 3.7838e-01
5.7400e+02 3.8037e-01
5.7500e+02 3.8975e-01
5.7600e+02 3.7683e-01
5.7700e+02 3.7973e-01
5.7800e+02 3.8015e-01
5.7900e+02 3.7549e-01
5.8000e+02 3.9836e-01
5.8100e+02 3.8767e-01
5.8200e+02 3.9614e-01
5.8300e+02 3.9246e-01
5.8400e+02 3.8604e-01
5.8500e+02 4.1841e-01
5.8600e+02 3.9602e-01
5.8700e+02 4.1035e-01
5.8800e+02 4.0241e-01
5.8900e+02 4.2120e-01
5.9000e+02 4.1968e-01
5.9100e+02 4.1107e-01
5.9200e+02 4.0791e-01
5.9300e+02 4.1423e-01
5.9400e+02 4.2510e-01
5.9500e+02 4.3427e-01
5.9600e+02 4.2319e-01
5.9700e+02 4.1915e-01
5.9800e+02 4.2452e-01
5.9900e+02 4.3587e-01
6.0000e+02 4.0473e-01
6.0100e+02 4.3984e-01
6.0200e+02 4.2409e-01
6.0300e+02 4.4825e-01
6.0400e+02 4.5183e-01
6.0500e+02 4.5320e-01
6.0600e+02 4.4160e-01
6.0700e+02 4.7470e-01
6.0800e+02 4.5742e-01
6.0900e+02 4.6665e-01
6.1000e+02 4.6726e-01
6.1100e+02 4.8434e-01
6.1200e+02 4.8512e-01
6.1300e+02 4.6594e-01
6.1400e+02 4.7015e-01
6.1500e+02 4.6878e-01
6.1600e+02 4.6157e-01
6.1700e+02 4.5277e-01
6.1800e+02 4.5389e-01
6.1900e+02 4.6620e-01
6.2000e+02 4.5419e-01
6.2100e+02 4.7353e-01
6.2200e+02 4.8972e-01
6.2300e+02 4.7796e-01
6.2400e+02 4.7468e-01
6.2500e+02 4.9152e-01
6.2600e+02 4.9103e-01
6.2700e+02 4.8337e-01
6.2800e+02 4.8897e-01
6.2900e+02 5.3231e-01
6.3000e+02 4.9753e-01
6.3100e+02 4.7060e-01
6.3200e+02 4.9030e-01
6.3300e+02 5.0356e-01
6.3400e+02 5.4229e-01
6.3500e+02 5.1889e-01
6.3600e+02 5.1243e-01
6.3700e+02 4.9289e-01
6.3800e+02 5.2103e-01
6.3900e+02 5.2747e-01
6.4000e+02 5.1978e-01
6.4100e+02 5.2222e-01
6.4200e+02 5.1040e-01
6.4300e+02 5.2393e-01
6.4400e+02 5.1669e-01
6.4500e+02 5.2820e-01
6.4600e+02 5.3124e-01
6.4700e+02 5.0750e-01
6.4800e+02 5.3380e-01
6.4900e+02 5.2659e-01
6.5000e+02 5.4308e-01
6.5100e+02 5.2311e-01
6.5200e+02 5.5107e-01
6.5300e+02 5.5894e-01
6.5400e+02 5.2599e-01
6.5500e+02 5.6684e-01
6.5600e+02 5.4985e-01
6.5700e+02 5.9193e-01
6.5800e+02 5.1198e-01
6.5900e+02 5.7562e-01
6.6000e+02 5.4862e-01
6.6100e+02 5.8360e-01
6.6200e+02 5.8509e-01
6.6300e+02 5.8156e-01
6.6400e+02 5.5781e-01
6.6500e+02 5.5988e-01
6.6600e+02 5.6169e-01
6.6700e+02 5.7654e-01
6.6800e+02 5.8541e-01
6.6900e+02 5.7796e-01
6.7000e+02 5.7671e-01
6.7100e+02 5.7529e-01
6.7200e+02 5.6213e-01
6.7300e+02 5.7867e-01
6.7400e+02 5.9283e-01
6.7500e+02 5.9828e-01
6.7600e+02 5.7442e-01
6.7700e+02 5.9283e-01
6.7800e+02 5.8573e-01
6.7900e+02 5.7862e-01
6.8000e+02 5.9503e-01
6.8100e+02 5.8471e-01
6.8200e+02 6.1366e-01
6.8300e+02 5.9896e-01
6.8400e+02 6.1286e-01
6.8500e+02 6.2416e-01
6.8600e+02 6.2515e-01
6.8700e+02 6.2433e-01
6.8800e+02 6.0740e-01
6.8900e+02 6.2558e-01
6.9000e+02 6.0569e-01
6.9100e+02 6.2403e-01
6.9200e+02 6.2199e-01
6.9300e+02 6.0932e-01
6.9400e+02 6.0658e-01
6.9500e+02 6.2668e-01
6.9600e+02 6.2904e-01
6.9700e+02 6.2936e-01
6.9800e+02 6.3110e-01
6.9900e+02 6.3326e-01
7.0000e+02 6.5155e-01
7.0100e+02 6.5787e-01
7.0200e+02 6.5942e-01
7.0300e+02 6.6483e-01
7.0400e+02 6.8644e-01
7.0500e+02 6.6602e-01
7.0600e+02 6.4396e-01
7.0700e+02 6.6134e-01
7.0800e+02 6.5239e-01
7.0900e+02 6.9012e-01
7.1000e+02 6.8936e-01
7.1100e+02 6.8398e-01
7.1200e+02 6.5633e-01
7.1300e+02 6.9820e-01
7.1400e+02 6.7400e-01
7.1500e+02 7.1463e-01
7.1600e+02 6.7296e-01
7.1700e+02 6.9896e-01
7.1800e+02 6.9798e-01
7.1900e+02 6.9161e-01
7.2000e+02 7.0680e-01
7.2100e+02 7.0524e-01
7.2200e+02 6.9858e-01
7.2300e+02 7.0277e-01
7.2400e+02 7.1147e-01
7.2500e+02 7.1987e-01
7.2600e+02 7.2086e-01
7.2700e+02 7.4236e-01
7.2800e+02 7.0502e-01
7.2900e+02 7.2972e-01
7.3000e+02 7.3894e-01
7.3100e+02 7.3814e-01
7.3200e+02 7.2698e-01
7.3300e+02 7.2982e-01
7.3400e+02 7.5432e-01
7.3500e+02 7.3573e-01
7.3600e+02 7.3736e-01
7.3700e+02 7.7201e-01
7.3800e+02 7.4669e-01
7.3900e+02 7.5406e-01
7.4000e+02 7.4936e-01
7.4100e+02 7.9839e-01
7.4200e+02 7.5631e-01
7.4300e+02 8.1131e-01
7.4400e+02 7.7392e-01
7.4500e+02 7.8893e-01
7.4600e+02 7.7076e-01
7.4700e+02 8.3138e-01
7.4800e+02 7.9213e-01
7.4900e+02 8.2341e-01
7.5000e+02 7.6672e-01
7.5100e+02 8.3419e-01
7.5200e+02 8.2724e-01
7.5300e+02 7.7408e-01
7.5400e+02 7.9200e-01
7.5500e+02 8.4319e-01
7.5600e+02 7.7203e-01
7.5700e+02 7.9394e-01
7.5800e+02 7.8842e-01
7.5900e+02 8.1047e-01
7.6000e+02 7.8848e-01
7.6100e+02 7.9937e-01
7.6200e+02 7.9627e-01
7.6300e+02 8.5782e-01
7.6400e+02 8.0018e-01
7.6500e+02 8.7251e-01
7.6600e+02 8.1359e-01
7.6700e+02 8.6273e-01
7.6800e+02 8.3037e-01
7.6900e+02 8.1980e-01
7.7000e+02 8.4410e-01
7.7100e+02 9.2917e-01
7.7200e+02 8.4960e-01
7.7300e+02 8.5762e-01
7.7400e+02 8.7342e-01
7.7500e+02 8.9202e-01
7.7600e+02 8.4293e-01
7.7700e+02 8.8785e-01
7.7800e+02 1.0609e+00
7.7900e+02 8.8577e-01
7.8000e+02 8.5287e-01
7.8100e+02 8.7880e-01
7.8200e+02 8.4119e-01
7.8300e+02 9.0659e-01
7.8400e+02 8.4608e-01
7.8500e+02 8.9182e-01
7.8600e+02 8.9096e-01
7.8700e+02 9.1010e-01
7.8800e+02 8.3552e-01
7.8900e+02 9.0395e-01
7.9000e+02 8.7593e-01
7.9100e+02 9.1474e-01
7.9200e+02 8.8686e-01
7.9300e+02 9.2867e-01
7.9400e+02 9.3984e-01
7.9500e+02 9.3976e-01
7.9600e+02 9.2336e-01
7.9700e+02 9.3131e-01
7.9800e+02 8.7784e-01
7.9900e+02 8.9748e-01
8.0000e+02 9.3552e-01
8.0100e+02 9.5052e-01
8.0200e+02 8.9438e-01
8.0300e+02 9.5004e-01
8.0400e+02 8.9695e-01
8.0500e+02 9.3268e-01
8.0600e+02 9.4115e-01
8.0700e+02 9.9306e-01
8.0800e+02 9.3668e-01
8.0900e+02 9.6157e-01
8.1000e+02 9.3924e-01
8.1100e+02 9.9019e-01
8.1200e+02 9.8247e-01
8.1300e+02 1.0027e+00
8.1400e+02 9.8018e-01
8.1500e+02 9.9743e-01
8.1600e+02 9.2188e-01
8.1700e+02 9.9422e-01
8.1800e+02 9.5544e-01
8.1900e+02 1.0460e+00
8.2000e+02 9.4203e-01
8.2100e+02 1.0107e+00
8.2200e+02 9.7523e-01
8.2300e+02 1.0401e+00
8.2400e+02 9.5510e-01
8.2500e+02 1.0039e+00
8.2600e+02 1.0206e+00
8.2700e+02 9.9446e-01
8.2800e+02 1.0207e+00
8.2900e+02 1.0637e+00
8.3000e+02 1.0123e+00
8.3100e+02 1.0575e+00
8.3200e+02 1.0194e+00
8.3300e+02 1.0337e+00
8.3400e+02 1.0622e+00
8.3500e+02 1.0304e+00
8.3600e+02 1.0776e+00
8.3700e+02 1.0598e+00
8.3800e+02 1.0192e+00
8.3900e+02 1.0518e+00
8.4000e+02 1.0313e+00
8.4100e+02 1.0564e+00
8.4200e+02 1.0648e+00
8.4300e+02 1.0531e+00
8.4400e+02 1.0603e+00
8.4500e+02 1.0792e+00
8.4600e+02 1.0321e+00
8.4700e+02 1.0483e+00
8.4800e+02 1.0071e+00
8.4900e+02 1.0772e+00
8.5000e+02 1.0191e+00
8.5100e+02 1.1003e+00
8.5200e+02 1.0531e+00
8.5300e+02 1.1324e+00
8.5400e+02 1.1074e+00
8.5500e+02 1.1088e+00
8.5600e+02 1.1092e+00
8.5700e+02 1.1284e+00
8.5800e+02 1.1001e+00
8.5900e+02 1.0906e+00
8.6000e+02 1.0986e+00
8.6100e+02 1.1312e+00
8.6200e+02 1.1520e+00
8.6300e+02 1.1188e+00
8.6400e+02 1.0714e+00
8.6500e+02 1.1133e+00
8.6600e+02 1.1277e+00
8.6700e+02 1.1147e+00
8.6800e+02 1.1335e+00
8.6900e+02 1.1439e+00
8.7000e+02 1.1702e+00
8.7100e+02 1.1489e+00
8.7200e+02 1.1531e+00
8.7300e+02 1.1096e+00
8.7400e+02 1.1243e+00
8.7500e+02 1.1298e+00
8.7600e+02 1.0875e+00
8.7700e+02 1.1570e+00
8.7800e+02 1.1780e+00
8.7900e+02 1.2207e+00
8.8000e+02 1.1409e+00
8.8100e+02 1.1731e+00
8.8200e+02 1.1471e+00
8.8300e+02 1.1734e+00
8.8400e+02 1.1983e+00
8.8500e+02 1.1808e+00
8.8600e+02 1.1649e+00
8.8700e+02 1.2261e+00
8.8800e+02 1.1498e+00
8.8900e+02 1.1721e+00
8.9000e+02 1.2039e+00
8.9100e+02 1.1887e+00
8.9200e+02 1.2243e+00
8.9300e+02 1.1756e+00
8.9400e+02 1.1742e+00
8.9500e+02 1.2315e+00
8.9600e+02 1.2190e+00
8.9700e+02 1.2392e+00
8.9800e+02 1.1871e+00
8.9900e+02 1.2465e+00
9.0000e+02 1.2061e+00
9.0100e+02 1.2365e+00
9.0200e+02 1.2548e+00
9.0300e+02 1.2614e+00
9.0400e+02 1.2277e+00
9.0500e+02 1.2780e+00
9.0600e+02 1.2938e+00
9.0700e+02 1.2377e+00
9.0800e+02 1.2345e+00
9.0900e+02 1.2033e+00
9.1000e+02 1.2434e+00
9.1100e+02 1.2730e+00
9.1200e+02 1.2520e+00
9.1300e+02 1.2619e+00
9.1400e+02 1.2215e+00
9.1500e+02 1.2345e+00
9.1600e+02 1.2286e+00
9.1700e+02 1.2625e+00
9.1800e+02 1.2418e+00
9.1900e+02 1.2817e+00
9.2000e+02 1.2532e+00
9.2100e+02 1.3009e+00
9.2200e+02 1.2848e+00
9.2300e+02 1.2577e+00
9.2400e+02 1.3062e+00
9.2500e+02 1.3024e+00
9.2600e+02 1.2941e+00
9.2700e+02 1.3422e+00
9.2800e+02 1.2906e+00
9.2900e+02 1.2619e+00
9.3000e+02 1.2842e+00
9.3100e+02 1.3287e+00
9.3200e+02 1.2991e+00
9.3300e+02 1.3236e+00
9.3400e+02 1.3010e+00
9.3500e+02 1.3202e+00
9.3600e+02 1.3295e+00
9.3700e+02 1.3488e+00
9.3800e+02 1.3222e+00
9.3900e+02 1.3154e+00
9.4000e+02 1.3574e+00
9.4100e+02 1.3471e+00
9.4200e+02 1.3822e+00
9.4300e+02 1.3476e+00
9.4400e+02 1.3101e+00
9.4500e+02 1.3786e+00
9.4600e+02 1.3533e+00
9.4700e+02 1.3549e+00
9.4800e+02 1.3539e+00
9.4900e+02 1.4058e+00
9.5000e+02 1.3334e+00
9.5100e+02 1.3624e+00
9.5200e+02 1.3704e+00
9.5300e+02 1.3897e+00
9.5400e+02 1.3615e+00
9.5500e+02 1.4039e+00
9.5600e+02 1.4114e+00
9.5700e+02 1.4033e+00
9.5800e+02 1.4242e+00
9.5900e+02 1.3755e+00
9.6000e+02 1.3739e+00
9.6100e+02 1.4106e+00
9.6200e+02 1.4107e+00
9.6300e+02 1.4192e+00
9.6400e+02 1.4308e+00
9.6500e+02 1.4272e+00
9.6600e+02 1.4231e+00
9.6700e+02 1.3738e+00
9.6800e+02 1.4137e+00
9.6900e+02 1.4428e+00
9.7000e+02 1.4200e+00
9.7100e+02 1.4350e+00
9.7200e+02 1.4424e+00
9.7300e+02 1.4660e+00
9.7400e+02 1.4627e+00
9.7500e+02 1.4804e+00
9.7600e+02 1.4411e+00
9.7700e+02 1.4889e+00
9.7800e+02 1.4146e+00
9.7900e+02 1.4732e+00
9.8000e+02 1.4579e+00
9.8100e+02 1.4971e+00
9.8200e+02 1.5045e+00
9.8300e+02 1.5234e+00
9.8400e+02 1.4211e+00
9.8500e+02 1.4801e+00
9.8600e+02 1.5060e+00
9.8700e+02 1.4744e+00
9.8800e+02 1.5110e+00
9.8900e+02 1.4636e+00
9.9000e+02 1.5393e+00
9.9100e+02 1.5056e+00
9.9200e+02 1.5008e+00
9.9300e+02 1.5334e+00
9.9400e+02 1.5239e+00
9.9500e+02 1.5103e+00
9.9600e+02 1.5197e+00
9.9700e+02 1.5172e+00
9.9800e+02 1.5642e+00
9.9900e+02 1.5235e+00
1.0000e+03 1.5879e+00
1.0010e+03 1.5519e+00
1.0020e+03 1.5399e+00
1.0030e+03 1.5766e+00
1.0040e+03 1.5322e+00
1.0050e+03 1.5158e+00
1.0060e+03 1.5971e+00
1.0070e+03 1.5713e+00
1.0080e+03 1.5705e+00
1.0090e+03 1.5138e+00
1.0100e+03 1.5763e+00
1.0110e+03 1.6194e+00
1.0120e+03 1.6192e+00
1.0130e+03 1.5799e+00
1.0140e+03 1.5849e+00
1.0150e+03 1.5858e+00
1.0160e+03 1.5823e+00
1.0170e+03 1.5754e+00
1.0180e+03 1.6250e+00
1.0190e+03 1.6271e+00
1.0200e+03 1.6068e+00
1.0210e+03 1.6346e+00
1.0220e+03 1.6120e+00
1.0230e+03 1.6280e+00
1.0240e+03 1.5684e+00
1.0250e+03 1.5616e+00
1.0260e+03 1.6573e+00
1.0270e+03 1.6540e+00
1.0280e+03 1.6357e+00
1.0290e+03 1.6360e+00
1.0300e+03 1.6520e+00
1.0310e+03 1.7122e+00
1.0320e+03 1.6531e+00
1.0330e+03 1.6952e+00
1.0340e+03 1.6948e+00
1.0350e+03 1.6815e+00
1.0360e+03 1.7004e+00
1.0370e+03 1.7320e+00
1.0380e+03 1.7595e+00
1.0390e+03 1.6924e+00
1.0400e+03 1.6647e+00
1.0410e+03 1.6657e+00
1.0420e+03 1.6998e+00
1.0430e+03 1.7297e+00
1.0440e+03 1.7543e+00
1.0450e+03 1.7126e+00
1.0460e+03 1.7157e+00
1.0470e+03 1.7163e+00
1.0480e+03 1.6963e+00
1.0490e+03 1.7047e+00
1.0500e+03 1.7568e+00
1.0510e+03 1.7133e+00
1.0520e+03 1.7212e+00
1.0530e+03 1.6680e+00
1.0540e+03 1.7720e+00
1.0550e+03 1.7295e+00
1.0560e+03 1.7878e+00
1.0570e+03 1.7330e+00
1.0580e+03 1.7002e+00
1.0590e+03 1.7689e+00
1.0600e+03 1.7460e+00
1.0610e+03 1.7736e+00
1.0620e+03 1.7959e+00
1.0630e+03 1.8162e+00
1.0640e+03 1.7930e+00
1.0650e+03 1.7644e+00
1.0660e+03 1.7710e+00
1.0670e+03 1.7758e+00
1.0680e+03 1.8243e+00
1.0690e+03 1.7744e+00
1.0700e+03 1.8144e+00
1.0710e+03 1.7858e+00
1.0720e+03 1.8206e+00
1.0730e+03 1.7759e+00
1.0740e+03 1.8328e+00
1.0750e+03 1.8065e+00
1.0760e+03 1.7975e+00
1.0770e+03 1.8271e+00
1.0780e+03 1.8087e+00
1.0790e+03 1.7813e+00
1.0800e+03 1.8323e+00
1.0810e+03 1.7803e+00
1.0820e+03 1.7980e+00
1.0830e+03 1.8634e+00
1.0840e+03 1.8636e+00
1.0850e+03 1.7946e+00
1.0860e+03 1.8278e+00
1.0870e+03 1.8575e+00
1.0880e+03 1.9503e+00
1.0890e+03 1.8358e+00
1.0900e+03 1.8753e+00
1.0910e+03 1.8727e+00
1.0920e+03 1.8793e+00
1.0930e+03 1.8607e+00
1.0940e+03 1.8748e+00
1.0950e+03 1.9378e+00
1.0960e+03 1.8601e+00
1.0970e+03 1.8426e+00
1.0980e+03 1.9154e+00
1.0990e+03 1.8839e+00
1.1000e+03 1.9281e+00
1.1010e+03 1.9414e+00
1.1020e+03 1.9249e+00
1.1030e+03 1.9202e+00
1.1040e+03 1.8405e+00
1.1050e+03 1.9868e+00
1.1060e+03 1.9655e+00
1.1070e+03 1.9597e+00
1.1080e+03 1.9075e+00
1.1090e+03 1.9896e+00
1.1100e+03 1.9490e+00
1.1110e+03 1.9672e+00
1.1120e+03 1.8986e+00
1.1130e+03 1.9535e+00
1.1140e+03 1.9517e+00
1.1150e+03 1.9395e+00
1.1160e+03 1.9944e+00
1.1170e+03 2.0059e+00
1.1180e+03 1.9787e+00
1.1190e+03 2.0037e+00
1.1200e+03 1.9306e+00
1.1210e+03 2.0185e+00
1.1220e+03 2.0062e+00
1.1230e+03 1.9899e+00
1.1240e+03 1.9877e+00
1.1250e+03 2.0292e+00
1.1260e+03 2.0231e+00
1.1270e+03 2.0811e+00
1.1280e+03 2.0413e+00
1.1290e+03 2.0167e+00
1.1300e+03 2.0570e+00
1.1310e+03 2.0589e+00
1.1320e+03 2.0421e+00
1.1330e+03 2.0918e+00
1.1340e+03 2.0131e+00
1.1350e+03 2.0851e+00
1.1360e+03 2.0329e+00
1.1370e+03 2.0467e+00
1.1380e+03 2.0525e+00
1.1390e+03 2.0625e+00
1.1400e+03 2.0468e+00
1.1410e+03 2.0332e+00
1.1420e+03 2.0530e+00
1.1430e+03 2.1030e+00
1.1440e+03 2.0998e+00
1.1450e+03 2.0869e+00
1.1460e+03 2.1234e+00
1.1470e+03 2.1312e+00
1.1480e+03 2.1121e+00
1.1490e+03 2.1090e+00
1.1500e+03 2.1098e+00
1.1510e+03 2.1797e+00
1.1520e+03 2.1388e+00
1.1530e+03 2.1410e+00
1.1540e+03 2.0807e+00
1.1550e+03 2.1199e+00
1.1560e+03 2.1785e+00
1.1570e+03 2.1594e+00
1.1580e+03 2.1220e+00
1.1590e+03 2.1584e+00
1.1600e+03 2.1980e+00
1.1610e+03 2.1289e+00
1.1620e+03 2.1535e+00
1.1630e+03 2.1814e+00
1.1640e+03 2.2145e+00
1.1650e+03 2.1505e+00
1.1660e+03 2.1684e+00
1.1670e+03 2.1613e+00
1.1680e+03 2.1974e+00
1.1690e+03 2.2140e+00
1.1700e+03 2.1967e+00
1.1710e+03 2.1830e+00
1.1720e+03 2.1864e+00
1.1730e+03 2.2049e+00
1.1740e+03 2.1779e+00
1.1750e+03 2.2149e+00
1.1760e+03 2.1720e+00
1.1770e+03 2.2437e+00
1.1780e+03 2.2317e+00
1.1790e+03 2.2457e+00
1.1800e+03 2.2993e+00
1.1810e+03 2.2249e+00
1.1820e+03 2.2239e+00
1.1830e+03 2.4885e+00
1.1840e+03 2.3059e+00
1.1850e+03 2.2438e+00
1.1860e+03 2.2963e+00
1.1870e+03 2.3070e+00
1.1880e+03 2.2771e+00
1.1890e+03 2.2976e+00
1.1900e+03 2.3301e+00
1.1910e+03 2.2739e+00
1.1920e+03 2.3106e+00
1.1930e+03 2.2578e+00
1.1940e+03 2.3467e+00
1.1950e+03 2.3215e+00
1.1960e+03 2.2973e+00
1.1970e+03 2.3714e+00
1.1980e+03 2.3496e+00
1.1990e+03 2.2996e+00
1.2000e+03 2.3584e+00
1.2010e+03 2.2963e+00
1.2020e+03 2.3270e+00
1.2030e+03 2.3148e+00
1.2040e+03 2.3178e+00
1.2050e+03 2.3442e+00
1.2060e+03 2.3153e+00
1.2070e+03 2.3786e+00
1.2080e+03 2.3124e+00
1.2090e+03 2.3628e+00
1.2100e+03 2.3184e+00
1.2110e+03 2.3358e+00
1.2120e+03 2.4467e+00
1.2130e+03 2.4349e+00
1.2140e+03 2.4596e+00
1.2150e+03 2.3649e+00
1.2160e+03 2.3395e+00
1.2170e+03 2.3766e+00
1.2180e+03 2.4231e+00
1.2190e+03 2.4095e+00
1.2200e+03 2.4544e+00
1.2210e+03 2.3953e+00
1.2220e+03 2.4252e+00
1.2230e+03 2.4531e+00
1.2240e+03 2.5377e+00
1.2250e+03 2.4504e+00
1.2260e+03 2.4617e+00
1.2270e+03 2.4774e+00
1.2280e+03 2.4491e+00
1.2290e+03 2.5511e+00
1.2300e+03 2.4574e+00
1.2310e+03 2.4410e+00
1.2320e+03 2.4713e+00
1.2330e+03 2.5078e+00
1.2340e+03 2.4883e+00
1.2350e+03 2.4621e+00
1.2360e+03 2.5622e+00
1.2370e+03 2.4622e+00
1.2380e+03 2.5025e+00
1.2390e+03 2.5749e+00
1.2400e+03 2.5440e+00
1.2410e+03 2.4931e+00
1.2420e+03 2.4952e+00
1.2430e+03 2.5612e+00
1.2440e+03 2.5143e+00
1.2450e+03 2.5772e+00
1.2460e+03 2.5469e+00
1.2470e+03 2.4537e+00
1.2480e+03 2.5364e+00
1.2490e+03 2.6118e+00
1.2500e+03 2.5985e+00
1.2510e+03 2.5469e+00
1.2520e+03 2.5859e+00
1.2530e+03 2.5731e+00
1.2540e+03 2.6166e+00
1.2550e+03 2.5880e+00
1.2560e+03 2.6482e+00
1.2570e+03 2.6011e+00
1.2580e+03 2.5721e+00
1.2590e+03 2.6269e+00
1.2600e+03 2.6841e+00
1.2610e+03 2.5912e+00
1.2620e+03 2.6070e+00
1.2630e+03 2.6021e+00
1.2640e+03 2.5690e+00
1.2650e+03 2.6709e+00
1.2660e+03 2.5876e+00
1.2670e+03 2.6039e+00
1.2680e+03 2.6956e+00
1.2690e+03 2.6668e+00
1.2700e+03 2.7282e+00
1.2710e+03 2.6987e+00
1.2720e+03 2.6791e+00
1.2730e+03 2.6690e+00
1.2740e+03 2.6693e+00
1.2750e+03 2.6408e+00
1.2760e+03 2.6876e+00
1.2770e+03 2.6884e+00
1.2780e+03 2.6860e+00
1.2790e+03 2.7051e+00
1.2800e+03 2.6143e+00
1.2810e+03 2.6979e+00
1.2820e+03 2.7402e+00
1.2830e+03 2.6968e+00
1.2840e+03 2.7079e+00
1.2850e+03 2.7290e+00
1.2860e+03 2.7327e+00
1.2870e+03 2.7814e+00
1.2880e+03 2.7353e+00
1.2890e+03 2.8598e+00
1.2900e+03 2.7712e+00
1.2910e+03 2.7166e+00
1.2920e+03 2.7627e+00
1.2930e+03 2.7578e+00
1.2940e+03 2.8221e+00
1.2950e+03 2.7709e+00
1.2960e+03 2.7805e+00
1.2970e+03 2.8355e+00
1.2980e+03 2.7621e+00
1.2990e+03 2.8472e+00
1.3000e+03 2.8137e+00
1.3010e+03 2.7960e+00
1.3020e+03 2.8263e+00
1.3030e+03 2.8921e+00
1.3040e+03 2.8138e+00
1.3050e+03 2.8790e+00
1.3060e+03 2.8494e+00
1.3070e+03 2.7897e+00
1.3080e+03 2.8377e+00
1.3090e+03 2.9535e+00
1.3100e+03 2.8666e+00
1.3110e+03 2.8440e+00
1.3120e+03 2.8518e+00
1.3130e+03 2.8327e+00
1.3140e+03 2.8973e+00
1.3150e+03 2.9114e+00
1.3160e+03 2.9268e+00
1.3170e+03 3.0053e+00
1.3180e+03 2.8949e+00
1.3190e+03 2.9444e+00
1.3200e+03 2.9560e+00
1.3210e+03 3.0329e+00
1.3220e+03 2.9475e+00
1.3230e+03 2.9245e+00
1.3240e+03 2.9898e+00
1.3250e+03 2.9628e+00
1.3260e+03 2.9263e+00
1.3270e+03 2.9436e+00
1.3280e+03 2.9587e+00
1.3290e+03 2.9860e+00
1.3300e+03 2.9043e+00
1.3310e+03 2.9539e+00
1.3320e+03 2.9754e+00
1.3330e+03 2.9961e+00
1.3340e+03 2.9862e+00
1.3350e+03 3.0338e+00
1.3360e+03 3.0354e+00
1.3370e+03 3.0473e+00
1.3380e+03 3.0206e+00
1.3390e+03 2.9927e+00
1.3400e+03 3.0444e+00
1.3410e+03 2.9831e+00
1.3420e+03 3.0319e+00
1.3430e+03 3.0114e+00
1.3440e+03 3.0324e+00
1.3450e+03 3.0596e+00
1.3460e+03 3.1189e+00
1.3470e+03 3.0769e+00
1.3480e+03 3.1643e+00
1.3490e+03 3.1324e+00
1.3500e+03 3.1465e+00
1.3510e+03 3.1582e+00
1.3520e+03 3.2696e+00
1.3530e+03 3.0922e+00
1.3540e+03 3.4560e+00
1.3550e+03 3.1632e+00
1.3560e+03 3.2514e+00
1.3570e+03 3.2831e+00
1.3580e+03 3.3163e+00
1.3590e+03 3.3874e+00
1.3600e+03 3.3057e+00
1.3610e+03 3.2072e+00
1.3620e+03 3.4095e+00
1.3630e+03 3.1828e+00
1.3640e+03 3.2738e+00
1.3650e+03 3.4041e+00
1.3660e+03 3.5982e+00
1.3670e+03 3.2580e+00
1.3680e+03 3.3422e+00
1.3690e+03 3.5317e+00
1.3700e+03 3.2861e+00
1.3710e+03 3.3162e+00
1.3720e+03 3.2119e+00
1.3730e+03 3.5807e+00
1.3740e+03 3.6703e+00
1.3750e+03 3.7229e+00
1.3760e+03 3.7583e+00
1.3770e+03 3.8346e+00
1.3780e+03 3.6388e+00
1.3790e+03 3.2748e+00
1.3800e+03 3.2793e+00
1.3810e+03 3.2934e+00
1.3820e+03 3.6789e+00
1.3830e+03 3.4877e+00
1.3840e+03 3.4537e+00
1.3850e+03 3.4893e+00
1.3860e+03 3.2655e+00
1.3870e+03 3.4364e+00
1.3880e+03 3.4492e+00
1.3890e+03 3.5365e+00
1.3900e+03 3.4785e+00
1.3910e+03 3.5340e+00
1.3920e+03 3.4648e+00
1.3930e+03 3.6895e+00
1.3940e+03 3.3582e+00
1.3950e+03 3.3688e+00
1.3960e+03 3.4561e+00
1.3970e+03 3.4201e+00
1.3980e+03 3.4319e+00
1.3990e+03 3.3957e+00
1.4000e+03 3.2926e+00
1.4010e+03 3.5459e+00
1.4020e+03 3.3942e+00
1.4030e+03 3.3519e+00
1.4040e+03 3.4261e+00
1.4050e+03 3.4080e+00
1.4060e+03 3.5107e+00
1.4070e+03 3.5614e+00
1.4080e+03 3.8477e+00
1.4090e+03 3.7541e+00
1.4100e+03 3.8586e+00
1.4110e+03 4.0484e+00
1.4120e+03 3.7246e+00
1.4130e+03 3.4468e+00
1.4140e+03 3.4151e+00
1.4150e+03 3.4668e+00
1.4160e+03 3.5078e+00
1.4170e+03 3.5909e+00
1.4180e+03 3.4509e+00
1.4190e+03 3.4504e+00
1.4200e+03 3.5237e+00
1.4210e+03 3.4971e+00
1.4220e+03 3.4309e+00
1.4230e+03 3.4929e+00
1.4240e+03 3.5341e+00
1.4250e+03 3.5004e+00
1.4260e+03 3.5174e+00
1.4270e+03 3.4682e+00
1.4280e+03 3.6184e+00
1.4290e+03 3.4261e+00
1.4300e+03 3.5290e+00
1.4310e+03 3.5485e+00
1.4320e+03 3.6423e+00
1.4330e+03 3.6219e+00
1.4340e+03 3.4976e+00
1.4350e+03 3.5551e+00
1.4360e+03 3.5729e+00
1.4370e+03 3.5520e+00
1.4380e+03 3.5303e+00
1.4390e+03 3.5777e+00
1.4400e+03 3.6038e+00
1.4410e+03 3.6073e+00
1.4420e+03 3.6306e+00
1.4430e+03 3.7102e+00
1.4440e+03 3.5633e+00
1.4450e+03 3.6040e+00
1.4460e+03 3.6720e+00
1.4470e+03 3.6840e+00
1.4480e+03 3.6343e+00
1.4490e+03 3.7846e+00
1.4500e+03 3.8922e+00
1.4510e+03 3.8461e+00
1.4520e+03 3.8209e+00
1.4530e+03 4.3508e+00
1.4540e+03 3.9970e+00
1.4550e+03 3.8661e+00
1.4560e+03 3.7865e+00
1.4570e+03 3.8885e+00
1.4580e+03 3.7749e+00
1.4590e+03 3.7180e+00
1.4600e+03 4.0412e+00
1.4610e+03 3.9663e+00
1.4620e+03 3.8840e+00
1.4630e+03 3.8609e+00
1.4640e+03 3.8500e+00
1.4650e+03 3.9122e+00
1.4660e+03 4.1579e+00
1.4670e+03 4.0334e+00
1.4680e+03 4.0274e+00
1.4690e+03 3.8318e+00
1.4700e+03 3.9274e+00
1.4710e+03 3.8130e+00
1.4720e+03 3.7860e+00
1.4730e+03 3.7909e+00
1.4740e+03 3.8027e+00
1.4750e+03 3.7817e+00
1.4760e+03 3.8889e+00
1.4770e+03 3.9553e+00
1.4780e+03 3.8665e+00
1.4790e+03 3.8822e+00
1.4800e+03 3.8828e+00
1.4810e+03 3.8951e+00
1.4820e+03 3.9109e+00
1.4830e+03 4.1283e+00
1.4840e+03 4.0804e+00
1.4850e+03 4.1229e+00
1.4860e+03 4.3800e+00
1.4870e+03 4.0779e+00
1.4880e+03 4.3654e+00
1.4890e+03 4.0191e+00
1.4900e+03 4.1920e+00
1.4910e+03 4.2034e+00
1.4920e+03 3.9577e+00
1.4930e+03 3.9660e+00
1.4940e+03 3.8987e+00
1.4950e+03 3.9755e+00
1.4960e+03 3.9495e+00
1.4970e+03 3.9844e+00
1.4980e+03 3.9668e+00
1.4990e+03 3.9656e+00
1.5000e+03 4.0370e+00
1.5010e+03 4.0141e+00
1.5020e+03 4.1255e+00
1.5030e+03 3.9467e+00
1.5040e+03 4.0339e+00
1.5050e+03 3.9953e+00
1.5060e+03 3.9762e+00
1.5070e+03 4.0292e+00
1.5080e+03 4.1067e+00
1.5090e+03 4.0560e+00
1.5100e+03 4.0397e+00
1.5110e+03 4.0656e+00
1.5120e+03 4.0489e+00
1.5130e+03 4.2124e+00
1.5140e+03 4.0627e+00
1.5150e+03 4.0804e+00
1.5160e+03 4.2067e+00
1.5170e+03 4.1390e+00
1.5180e+03 4.0963e+00
1.5190e+03 4.0766e+00
1.5200e+03 4.0931e+00
1.5210e+03 4.2602e+00
1.5220e+03 4.1737e+00
1.5230e+03 4.2503e+00
1.5240e+03 4.2264e+00
1.5250e+03 4.2266e+00
1.5260e+03 4.1864e+00
1.5270e+03 4.1770e+00
1.5280e+03 4.2081e+00
1.5290e+03 4.2341e+00
1.5300e+03 4.1814e+00
1.5310e+03 4.2980e+00
1.5320e+03 4.3181e+00
1.5330e+03 4.3329e+00
1.5340e+03 4.2983e+00
1.5350e+03 4.2711e+00
1.5360e+03 4.3019e+00
1.5370e+03 4.2731e+00
1.5380e+03 4.3971e+00
1.5390e+03 4.2987e+00
1.5400e+03 4.3125e+00
1.5410e+03 4.2063e+00
1.5420e+03 4.3682e+00
1.5430e+03 4.3275e+00
1.5440e+03 4.2366e+00
1.5450e+03 4.3686e+00
1.5460e+03 4.3229e+00
1.5470e+03 4.4687e+00
1.5480e+03 4.4057e+00
1.5490e+03 4.3696e+00
1.5500e+03 4.4165e+00
1.5510e+03 4.4397e+00
1.5520e+03 4.2925e+00
1.5530e+03 4.4834e+00
1.5540e+03 4.3478e+00
1.5550e+03 4.4038e+00
1.5560e+03 4.3211e+00
1.5570e+03 4.4445e+00
1.5580e+03 4.3815e+00
1.5590e+03 4.4612e+00
1.5600e+03 4.4315e+00
1.5610e+03 4.4398e+00
1.5620e+03 4.4559e+00
1.5630e+03 4.3890e+00
1.5640e+03 4.5723e+00
1.5650e+03 4.7080e+00
