2.0000e+00 3.0170e-03
2.0000e+00 3.0170e-03
3.0000e+00 1.4450e-03
4.0000e+00 1.6440e-03
5.0000e+00 1.7460e-03
6.0000e+00 1.8420e-03
7.0000e+00 2.7970e-03
8.0000e+00 1.6910e-03
9.0000e+00 1.6970e-03
1.0000e+01 1.6950e-03
1.1000e+01 2.2110e-03
1.2000e+01 1.9020e-03
1.3000e+01 2.3380e-03
1.4000e+01 2.2770e-03
1.5000e+01 2.1580e-03
1.6000e+01 1.5880e-03
1.7000e+01 1.6240e-03
1.8000e+01 1.9060e-03
1.9000e+01 2.4990e-03
2.0000e+01 3.3340e-03
2.1000e+01 2.4080e-03
2.2000e+01 3.2600e-03
2.3000e+01 3.0850e-03
2.4000e+01 2.3550e-03
2.5000e+01 2.3480e-03
2.6000e+01 3.7060e-03
2.7000e+01 2.4930e-03
2.8000e+01 2.2440e-03
2.9000e+01 2.3330e-03
3.0000e+01 3.7230e-03
3.1000e+01 3.0740e-03
3.2000e+01 2.7460e-03
3.3000e+01 7.0310e-03
3.4000e+01 7.3640e-03
3.5000e+01 7.8170e-03
3.6000e+01 7.6940e-03
3.7000e+01 8.4480e-03
3.8000e+01 7.8750e-03
3.9000e+01 8.1710e-03
4.0000e+01 7.9930e-03
4.1000e+01 8.2280e-03
4.2000e+01 8.0490e-03
4.3000e+01 7.8730e-03
4.4000e+01 7.9460e-03
4.5000e+01 8.6000e-03
4.6000e+01 8.4480e-03
4.7000e+01 8.7200e-03
4.8000e+01 8.6810e-03
4.9000e+01 1.2204e-02
5.0000e+01 1.2981e-02
5.1000e+01 1.2552e-02
