2.0000e+00 3.4890e-03
2.0000e+00 3.4890e-03
3.0000e+00 2.8050e-03
4.0000e+00 2.7770e-03
5.0000e+00 2.9080e-03
6.0000e+00 3.3770e-03
7.0000e+00 3.0040e-03
8.0000e+00 2.8470e-03
9.0000e+00 2.8730e-03
1.0000e+01 3.2610e-03
1.1000e+01 3.0490e-03
1.2000e+01 3.0070e-03
1.3000e+01 3.0350e-03
1.4000e+01 3.2780e-03
1.5000e+01 3.0920e-03
1.6000e+01 2.9180e-03
1.7000e+01 5.2800e-03
1.8000e+01 3.2390e-03
1.9000e+01 3.0460e-03
2.0000e+01 3.0220e-03
2.1000e+01 3.6540e-03
2.2000e+01 3.2570e-03
2.3000e+01 3.1710e-03
2.4000e+01 3.3140e-03
2.5000e+01 3.4190e-03
2.6000e+01 3.1290e-03
2.7000e+01 3.1930e-03
2.8000e+01 3.0530e-03
2.9000e+01 3.5370e-03
3.0000e+01 3.3380e-03
3.1000e+01 3.2890e-03
3.2000e+01 3.3450e-03
3.3000e+01 3.5470e-03
3.4000e+01 3.4660e-03
3.5000e+01 3.7770e-03
3.6000e+01 3.4210e-03
3.7000e+01 3.4610e-03
3.8000e+01 3.8950e-03
3.9000e+01 3.5900e-03
4.0000e+01 3.5120e-03
4.1000e+01 4.0490e-03
4.2000e+01 3.6390e-03
4.3000e+01 3.5750e-03
4.4000e+01 4.7450e-03
4.5000e+01 5.6010e-03
4.6000e+01 4.1610e-03
4.7000e+01 3.9800e-03
4.8000e+01 3.8550e-03
4.9000e+01 4.1630e-03
5.0000e+01 4.1200e-03
5.1000e+01 4.0020e-03
5.2000e+01 6.0820e-03
5.3000e+01 4.2970e-03
5.4000e+01 3.8870e-03
5.5000e+01 4.5640e-03
5.6000e+01 4.3210e-03
5.7000e+01 4.3500e-03
5.8000e+01 4.6780e-03
5.9000e+01 4.3230e-03
6.0000e+01 4.5820e-03
6.1000e+01 4.7550e-03
6.2000e+01 4.4890e-03
6.3000e+01 7.0210e-03
6.4000e+01 4.5370e-03
6.5000e+01 4.8480e-03
6.6000e+01 6.7410e-03
6.7000e+01 5.2410e-03
6.8000e+01 5.0980e-03
6.9000e+01 5.1210e-03
7.0000e+01 7.6870e-03
7.1000e+01 5.3400e-03
7.2000e+01 5.4290e-03
7.3000e+01 5.6190e-03
7.4000e+01 7.6780e-03
7.5000e+01 5.6620e-03
7.6000e+01 5.0740e-03
7.7000e+01 5.6520e-03
7.8000e+01 5.7500e-03
7.9000e+01 5.5990e-03
8.0000e+01 5.9090e-03
8.1000e+01 6.0930e-03
8.2000e+01 6.0020e-03
8.3000e+01 5.4970e-03
8.4000e+01 5.8220e-03
8.5000e+01 5.7780e-03
8.6000e+01 7.9010e-03
8.7000e+01 5.9900e-03
8.8000e+01 6.4010e-03
8.9000e+01 6.1010e-03
9.0000e+01 6.1910e-03
9.1000e+01 6.3860e-03
9.2000e+01 6.4020e-03
9.3000e+01 6.2620e-03
9.4000e+01 6.7320e-03
9.5000e+01 6.8380e-03
9.6000e+01 7.0070e-03
9.7000e+01 6.6760e-03
9.8000e+01 7.0180e-03
9.9000e+01 6.8380e-03
1.0000e+02 8.3250e-03
1.0100e+02 7.4630e-03
1.0200e+02 9.6560e-03
1.0300e+02 6.9800e-03
1.0400e+02 8.6860e-03
1.0500e+02 7.4190e-03
1.0600e+02 7.2740e-03
1.0700e+02 7.5510e-03
1.0800e+02 8.0120e-03
1.0900e+02 7.6800e-03
1.1000e+02 7.8740e-03
1.1100e+02 7.8620e-03
1.1200e+02 7.9130e-03
1.1300e+02 8.2680e-03
1.1400e+02 8.3910e-03
1.1500e+02 8.2120e-03
1.1600e+02 8.2770e-03
1.1700e+02 9.7320e-03
1.1800e+02 8.3930e-03
1.1900e+02 8.7890e-03
1.2000e+02 8.4620e-03
1.2100e+02 9.4940e-03
1.2200e+02 8.7780e-03
1.2300e+02 8.8990e-03
1.2400e+02 9.0010e-03
1.2500e+02 1.0700e-02
1.2600e+02 9.0640e-03
1.2700e+02 9.1140e-03
1.2800e+02 1.2023e-02
1.2900e+02 1.0691e-02
1.3000e+02 1.0227e-02
1.3100e+02 1.0364e-02
1.3200e+02 1.0412e-02
1.3300e+02 1.0434e-02
1.3400e+02 1.0333e-02
1.3500e+02 1.1413e-02
1.3600e+02 1.1040e-02
1.3700e+02 1.1359e-02
1.3800e+02 1.2354e-02
1.3900e+02 1.1329e-02
1.4000e+02 1.1518e-02
1.4100e+02 1.2409e-02
1.4200e+02 1.2307e-02
1.4300e+02 1.1868e-02
1.4400e+02 1.2077e-02
1.4500e+02 1.2458e-02
1.4600e+02 1.2765e-02
1.4700e+02 1.2787e-02
1.4800e+02 1.1746e-02
1.4900e+02 1.2720e-02
1.5000e+02 1.4365e-02
1.5100e+02 1.4756e-02
1.5200e+02 1.3567e-02
1.5300e+02 1.3421e-02
1.5400e+02 1.3667e-02
1.5500e+02 1.4921e-02
1.5600e+02 1.4112e-02
1.5700e+02 1.6491e-02
1.5800e+02 1.4026e-02
1.5900e+02 1.3870e-02
1.6000e+02 1.2879e-02
1.6100e+02 1.6227e-02
1.6200e+02 1.4332e-02
1.6300e+02 1.3839e-02
1.6400e+02 1.3726e-02
1.6500e+02 1.3905e-02
1.6600e+02 1.6965e-02
1.6700e+02 1.4765e-02
1.6800e+02 1.3926e-02
1.6900e+02 1.4763e-02
1.7000e+02 1.4254e-02
1.7100e+02 1.5521e-02
1.7200e+02 1.4780e-02
1.7300e+02 1.7541e-02
1.7400e+02 1.5032e-02
1.7500e+02 1.6908e-02
1.7600e+02 1.6884e-02
1.7700e+02 1.9290e-02
1.7800e+02 1.5624e-02
1.7900e+02 1.5966e-02
1.8000e+02 1.5601e-02
1.8100e+02 1.6449e-02
1.8200e+02 1.8537e-02
1.8300e+02 1.5992e-02
1.8400e+02 1.7564e-02
1.8500e+02 1.8026e-02
1.8600e+02 1.8556e-02
1.8700e+02 1.6803e-02
1.8800e+02 1.9505e-02
1.8900e+02 1.8305e-02
1.9000e+02 1.7115e-02
1.9100e+02 1.6925e-02
1.9200e+02 1.7757e-02
1.9300e+02 1.8270e-02
1.9400e+02 1.8679e-02
1.9500e+02 1.8886e-02
1.9600e+02 1.8172e-02
1.9700e+02 1.8787e-02
1.9800e+02 2.1246e-02
1.9900e+02 1.8639e-02
2.0000e+02 1.7875e-02
2.0100e+02 1.8307e-02
2.0200e+02 1.9237e-02
2.0300e+02 1.9528e-02
2.0400e+02 2.0053e-02
2.0500e+02 2.1023e-02
2.0600e+02 2.2773e-02
2.0700e+02 1.9920e-02
2.0800e+02 2.1887e-02
2.0900e+02 2.0526e-02
2.1000e+02 2.0446e-02
2.1100e+02 2.2488e-02
2.1200e+02 1.9110e-02
2.1300e+02 2.4031e-02
2.1400e+02 2.3322e-02
2.1500e+02 2.3402e-02
2.1600e+02 2.0060e-02
2.1700e+02 2.2185e-02
2.1800e+02 2.1065e-02
2.1900e+02 2.1838e-02
2.2000e+02 2.5001e-02
2.2100e+02 2.4485e-02
2.2200e+02 2.2541e-02
2.2300e+02 2.2622e-02
2.2400e+02 2.5432e-02
2.2500e+02 2.2447e-02
2.2600e+02 2.4986e-02
2.2700e+02 2.5905e-02
2.2800e+02 2.3046e-02
2.2900e+02 2.3999e-02
2.3000e+02 2.6819e-02
2.3100e+02 2.3989e-02
2.3200e+02 2.4343e-02
2.3300e+02 2.8620e-02
2.3400e+02 2.4169e-02
2.3500e+02 2.7008e-02
2.3600e+02 2.5046e-02
2.3700e+02 2.8404e-02
2.3800e+02 2.5760e-02
2.3900e+02 2.5723e-02
2.4000e+02 2.4070e-02
2.4100e+02 2.7008e-02
2.4200e+02 2.5459e-02
2.4300e+02 2.6496e-02
2.4400e+02 2.8050e-02
2.4500e+02 2.6941e-02
2.4600e+02 3.1796e-02
2.4700e+02 2.8675e-02
2.4800e+02 2.5383e-02
2.4900e+02 2.8544e-02
2.5000e+02 2.9005e-02
2.5100e+02 3.4327e-02
2.5200e+02 2.6299e-02
2.5300e+02 3.3016e-02
2.5400e+02 2.7196e-02
2.5500e+02 2.8836e-02
2.5600e+02 3.1401e-02
2.5700e+02 5.2176e-02
2.5800e+02 4.7295e-02
2.5900e+02 4.7846e-02
2.6000e+02 4.5042e-02
2.6100e+02 4.4028e-02
2.6200e+02 4.8739e-02
2.6300e+02 4.8704e-02
2.6400e+02 4.4979e-02
2.6500e+02 4.8282e-02
2.6600e+02 4.5947e-02
2.6700e+02 4.9812e-02
2.6800e+02 4.7935e-02
2.6900e+02 4.9790e-02
2.7000e+02 6.3806e-02
2.7100e+02 4.9121e-02
2.7200e+02 4.6918e-02
2.7300e+02 5.2981e-02
2.7400e+02 4.6449e-02
2.7500e+02 5.0130e-02
2.7600e+02 5.1097e-02
2.7700e+02 5.0674e-02
2.7800e+02 5.1168e-02
2.7900e+02 5.0515e-02
2.8000e+02 4.9675e-02
2.8100e+02 5.4191e-02
2.8200e+02 6.1989e-02
2.8300e+02 5.1427e-02
2.8400e+02 6.4293e-02
2.8500e+02 5.2733e-02
2.8600e+02 5.4946e-02
2.8700e+02 5.3174e-02
2.8800e+02 5.4858e-02
2.8900e+02 5.2463e-02
2.9000e+02 5.3278e-02
2.9100e+02 5.5098e-02
2.9200e+02 5.5040e-02
2.9300e+02 6.5434e-02
2.9400e+02 5.5208e-02
2.9500e+02 5.7159e-02
2.9600e+02 5.5913e-02
2.9700e+02 5.8746e-02
2.9800e+02 5.8021e-02
2.9900e+02 5.9997e-02
3.0000e+02 5.8507e-02
3.0100e+02 5.8402e-02
3.0200e+02 5.9591e-02
3.0300e+02 5.8566e-02
3.0400e+02 6.9906e-02
3.0500e+02 5.9832e-02
3.0600e+02 5.9988e-02
3.0700e+02 5.8368e-02
3.0800e+02 6.0596e-02
3.0900e+02 5.9158e-02
3.1000e+02 6.1131e-02
3.1100e+02 6.1920e-02
3.1200e+02 6.0631e-02
3.1300e+02 6.2983e-02
3.1400e+02 7.0004e-02
3.1500e+02 6.4805e-02
3.1600e+02 6.3984e-02
3.1700e+02 6.5498e-02
3.1800e+02 6.3673e-02
3.1900e+02 6.4538e-02
3.2000e+02 6.1311e-02
3.2100e+02 6.3045e-02
3.2200e+02 6.5141e-02
3.2300e+02 6.6706e-02
3.2400e+02 6.5278e-02
3.2500e+02 8.6426e-02
3.2600e+02 6.7282e-02
3.2700e+02 6.5265e-02
3.2800e+02 6.3945e-02
3.2900e+02 6.6880e-02
3.3000e+02 6.7459e-02
3.3100e+02 6.7708e-02
3.3200e+02 6.7803e-02
3.3300e+02 7.1175e-02
3.3400e+02 6.8186e-02
3.3500e+02 8.3719e-02
3.3600e+02 7.1425e-02
3.3700e+02 6.7798e-02
3.3800e+02 7.0795e-02
3.3900e+02 7.7256e-02
3.4000e+02 7.0929e-02
3.4100e+02 7.5667e-02
3.4200e+02 7.6576e-02
3.4300e+02 7.5879e-02
3.4400e+02 8.7559e-02
3.4500e+02 7.3985e-02
3.4600e+02 7.5220e-02
3.4700e+02 7.4027e-02
3.4800e+02 7.3531e-02
3.4900e+02 7.5761e-02
3.5000e+02 7.7126e-02
3.5100e+02 7.7649e-02
3.5200e+02 1.0167e-01
3.5300e+02 8.9922e-02
3.5400e+02 8.1270e-02
3.5500e+02 7.7035e-02
3.5600e+02 7.9683e-02
3.5700e+02 7.8230e-02
3.5800e+02 8.3852e-02
3.5900e+02 8.5597e-02
3.6000e+02 9.2106e-02
3.6100e+02 9.7889e-02
3.6200e+02 8.2720e-02
3.6300e+02 8.6450e-02
3.6400e+02 8.6260e-02
3.6500e+02 8.8789e-02
3.6600e+02 8.3903e-02
3.6700e+02 8.4239e-02
3.6800e+02 8.6202e-02
3.6900e+02 8.4984e-02
3.7000e+02 9.7966e-02
3.7100e+02 8.8543e-02
3.7200e+02 8.8612e-02
3.7300e+02 8.8055e-02
3.7400e+02 9.1508e-02
3.7500e+02 9.2572e-02
3.7600e+02 8.9894e-02
3.7700e+02 9.3565e-02
3.7800e+02 1.0697e-01
3.7900e+02 9.5228e-02
3.8000e+02 9.2795e-02
3.8100e+02 9.6073e-02
3.8200e+02 9.2430e-02
3.8300e+02 9.7308e-02
3.8400e+02 1.0085e-01
3.8500e+02 1.0279e-01
3.8600e+02 1.1050e-01
3.8700e+02 9.8675e-02
3.8800e+02 9.6292e-02
3.8900e+02 1.0564e-01
3.9000e+02 1.1131e-01
3.9100e+02 1.0311e-01
3.9200e+02 9.6783e-02
3.9300e+02 1.2069e-01
3.9400e+02 1.0008e-01
3.9500e+02 1.0572e-01
3.9600e+02 9.8201e-02
3.9700e+02 1.0117e-01
3.9800e+02 1.0559e-01
3.9900e+02 1.0183e-01
4.0000e+02 1.1298e-01
4.0100e+02 1.0093e-01
4.0200e+02 1.0426e-01
4.0300e+02 1.0624e-01
4.0400e+02 1.1097e-01
4.0500e+02 1.0285e-01
4.0600e+02 1.1198e-01
4.0700e+02 1.1894e-01
4.0800e+02 1.1069e-01
4.0900e+02 1.1167e-01
4.1000e+02 1.0928e-01
4.1100e+02 1.0482e-01
4.1200e+02 1.0030e-01
4.1300e+02 1.1095e-01
4.1400e+02 1.0508e-01
4.1500e+02 1.2054e-01
4.1600e+02 1.0879e-01
4.1700e+02 1.1741e-01
4.1800e+02 1.1323e-01
4.1900e+02 1.1921e-01
4.2000e+02 1.1466e-01
4.2100e+02 1.1926e-01
4.2200e+02 1.2291e-01
4.2300e+02 1.3521e-01
4.2400e+02 1.1450e-01
4.2500e+02 1.3080e-01
4.2600e+02 1.2157e-01
4.2700e+02 1.2353e-01
4.2800e+02 1.2336e-01
4.2900e+02 1.2995e-01
4.3000e+02 1.2376e-01
4.3100e+02 1.3254e-01
4.3200e+02 1.1739e-01
4.3300e+02 1.1881e-01
4.3400e+02 1.2818e-01
4.3500e+02 1.2686e-01
4.3600e+02 1.2986e-01
4.3700e+02 1.3053e-01
4.3800e+02 1.2874e-01
4.3900e+02 1.3030e-01
4.4000e+02 1.2613e-01
4.4100e+02 1.3385e-01
4.4200e+02 1.4883e-01
4.4300e+02 1.5160e-01
4.4400e+02 1.2961e-01
4.4500e+02 1.3827e-01
4.4600e+02 1.3914e-01
4.4700e+02 1.6246e-01
4.4800e+02 1.8606e-01
4.4900e+02 1.8423e-01
4.5000e+02 1.8339e-01
4.5100e+02 1.8799e-01
4.5200e+02 1.9886e-01
4.5300e+02 1.3783e-01
4.5400e+02 1.4822e-01
4.5500e+02 1.4042e-01
4.5600e+02 1.3673e-01
4.5700e+02 1.4199e-01
4.5800e+02 1.4503e-01
4.5900e+02 1.5650e-01
4.6000e+02 1.4541e-01
4.6100e+02 1.4921e-01
4.6200e+02 1.4032e-01
4.6300e+02 1.5265e-01
4.6400e+02 1.4396e-01
4.6500e+02 1.5953e-01
4.6600e+02 1.4476e-01
4.6700e+02 1.4864e-01
4.6800e+02 1.5187e-01
4.6900e+02 1.5059e-01
4.7000e+02 1.4937e-01
4.7100e+02 1.6766e-01
4.7200e+02 1.4560e-01
4.7300e+02 1.5706e-01
4.7400e+02 1.5174e-01
4.7500e+02 1.6149e-01
4.7600e+02 1.6389e-01
4.7700e+02 1.7142e-01
4.7800e+02 1.6046e-01
4.7900e+02 1.7048e-01
4.8000e+02 1.6086e-01
4.8100e+02 1.6381e-01
4.8200e+02 1.6874e-01
4.8300e+02 1.5898e-01
4.8400e+02 1.5574e-01
4.8500e+02 1.7841e-01
4.8600e+02 1.4622e-01
4.8700e+02 1.5291e-01
4.8800e+02 1.7257e-01
4.8900e+02 1.6613e-01
4.9000e+02 1.5901e-01
4.9100e+02 1.7414e-01
4.9200e+02 1.6885e-01
4.9300e+02 1.8047e-01
4.9400e+02 1.7572e-01
4.9500e+02 1.8586e-01
4.9600e+02 1.8102e-01
4.9700e+02 1.8811e-01
4.9800e+02 1.8535e-01
4.9900e+02 1.8017e-01
5.0000e+02 1.8720e-01
5.0100e+02 1.9197e-01
5.0200e+02 1.8486e-01
5.0300e+02 2.0040e-01
5.0400e+02 2.0625e-01
5.0500e+02 1.9907e-01
5.0600e+02 1.9803e-01
5.0700e+02 1.9745e-01
5.0800e+02 1.9852e-01
5.0900e+02 2.0285e-01
5.1000e+02 2.0708e-01
5.1100e+02 2.0204e-01
5.1200e+02 2.1654e-01
5.1300e+02 2.0857e-01
5.1400e+02 2.1303e-01
5.1500e+02 2.1232e-01
5.1600e+02 2.2062e-01
5.1700e+02 2.2135e-01
5.1800e+02 2.2068e-01
5.1900e+02 2.1815e-01
5.2000e+02 2.0407e-01
5.2100e+02 2.4765e-01
5.2200e+02 2.1681e-01
5.2300e+02 2.1746e-01
5.2400e+02 2.1954e-01
5.2500e+02 2.4476e-01
5.2600e+02 2.2850e-01
5.2700e+02 2.3066e-01
5.2800e+02 2.1471e-01
5.2900e+02 2.3387e-01
5.3000e+02 2.3168e-01
5.3100e+02 2.4176e-01
5.3200e+02 2.1732e-01
5.3300e+02 2.3645e-01
5.3400e+02 2.3252e-01
5.3500e+02 2.2799e-01
5.3600e+02 2.5558e-01
5.3700e+02 2.4288e-01
5.3800e+02 2.3477e-01
5.3900e+02 2.3738e-01
5.4000e+02 2.3135e-01
5.4100e+02 2.4910e-01
5.4200e+02 2.4743e-01
5.4300e+02 2.5256e-01
5.4400e+02 2.3293e-01
5.4500e+02 2.4504e-01
5.4600e+02 2.5392e-01
5.4700e+02 2.5981e-01
5.4800e+02 2.5748e-01
5.4900e+02 2.6011e-01
5.5000e+02 2.6718e-01
5.5100e+02 2.7260e-01
5.5200e+02 2.5985e-01
5.5300e+02 2.8091e-01
5.5400e+02 2.5757e-01
5.5500e+02 2.7483e-01
5.5600e+02 2.7369e-01
5.5700e+02 2.9226e-01
5.5800e+02 2.7327e-01
5.5900e+02 2.7356e-01
5.6000e+02 2.8069e-01
5.6100e+02 2.6522e-01
5.6200e+02 2.6274e-01
5.6300e+02 2.8123e-01
5.6400e+02 3.1042e-01
5.6500e+02 2.9042e-01
5.6600e+02 2.7052e-01
5.6700e+02 3.1650e-01
5.6800e+02 2.8205e-01
5.6900e+02 2.8661e-01
5.7000e+02 2.8396e-01
5.7100e+02 3.0481e-01
5.7200e+02 2.7392e-01
5.7300e+02 2.9885e-01
5.7400e+02 3.0006e-01
5.7500e+02 3.0132e-01
5.7600e+02 3.1392e-01
5.7700e+02 3.0132e-01
5.7800e+02 3.0209e-01
5.7900e+02 2.9512e-01
5.8000e+02 2.8931e-01
5.8100e+02 3.1266e-01
5.8200e+02 3.0500e-01
5.8300e+02 3.1747e-01
5.8400e+02 3.1835e-01
5.8500e+02 3.1644e-01
5.8600e+02 3.0123e-01
5.8700e+02 3.1769e-01
5.8800e+02 3.3291e-01
5.8900e+02 3.1989e-01
5.9000e+02 3.1480e-01
5.9100e+02 3.2899e-01
5.9200e+02 2.9997e-01
5.9300e+02 3.0949e-01
5.9400e+02 3.2606e-01
5.9500e+02 3.3016e-01
5.9600e+02 3.2319e-01
5.9700e+02 3.3792e-01
5.9800e+02 3.2234e-01
5.9900e+02 3.4596e-01
6.0000e+02 3.7214e-01
6.0100e+02 3.1360e-01
6.0200e+02 3.2081e-01
6.0300e+02 3.5267e-01
6.0400e+02 3.4468e-01
6.0500e+02 3.3835e-01
6.0600e+02 3.5847e-01
6.0700e+02 3.5423e-01
6.0800e+02 3.5133e-01
6.0900e+02 3.5276e-01
6.1000e+02 3.6226e-01
6.1100e+02 3.6166e-01
6.1200e+02 3.6380e-01
6.1300e+02 3.5450e-01
6.1400e+02 3.8778e-01
6.1500e+02 3.6214e-01
6.1600e+02 3.5309e-01
6.1700e+02 3.7559e-01
6.1800e+02 3.5581e-01
6.1900e+02 3.6075e-01
6.2000e+02 3.7018e-01
6.2100e+02 3.6569e-01
6.2200e+02 3.8671e-01
6.2300e+02 3.5803e-01
6.2400e+02 3.6407e-01
6.2500e+02 3.7889e-01
6.2600e+02 3.5257e-01
6.2700e+02 3.7386e-01
6.2800e+02 3.9700e-01
6.2900e+02 3.8426e-01
6.3000e+02 3.8325e-01
6.3100e+02 3.8640e-01
6.3200e+02 3.8275e-01
6.3300e+02 4.0803e-01
6.3400e+02 3.8239e-01
6.3500e+02 4.0511e-01
6.3600e+02 4.0138e-01
6.3700e+02 3.9174e-01
6.3800e+02 3.9622e-01
6.3900e+02 3.9982e-01
6.4000e+02 3.9538e-01
6.4100e+02 4.0705e-01
6.4200e+02 3.9493e-01
6.4300e+02 4.1679e-01
6.4400e+02 4.2138e-01
6.4500e+02 4.0538e-01
6.4600e+02 4.1852e-01
6.4700e+02 4.1262e-01
6.4800e+02 3.9008e-01
6.4900e+02 4.4385e-01
6.5000e+02 4.0840e-01
6.5100e+02 4.2224e-01
6.5200e+02 4.1993e-01
6.5300e+02 4.1952e-01
6.5400e+02 4.3663e-01
6.5500e+02 4.2842e-01
6.5600e+02 4.4563e-01
6.5700e+02 4.4286e-01
6.5800e+02 4.4066e-01
6.5900e+02 4.2871e-01
6.6000e+02 4.3045e-01
6.6100e+02 5.0667e-01
6.6200e+02 4.4322e-01
6.6300e+02 4.6149e-01
6.6400e+02 4.3916e-01
6.6500e+02 4.5296e-01
6.6600e+02 4.4206e-01
6.6700e+02 4.4602e-01
6.6800e+02 4.3202e-01
6.6900e+02 4.1655e-01
6.7000e+02 4.2818e-01
6.7100e+02 4.3551e-01
6.7200e+02 4.6564e-01
6.7300e+02 4.3633e-01
6.7400e+02 4.4633e-01
6.7500e+02 4.5324e-01
6.7600e+02 4.5061e-01
6.7700e+02 4.6851e-01
6.7800e+02 4.3633e-01
6.7900e+02 4.7464e-01
6.8000e+02 4.7814e-01
6.8100e+02 5.0154e-01
6.8200e+02 4.7445e-01
6.8300e+02 4.9040e-01
6.8400e+02 4.7697e-01
6.8500e+02 4.9153e-01
6.8600e+02 4.8887e-01
6.8700e+02 4.6693e-01
6.8800e+02 4.8337e-01
6.8900e+02 4.7724e-01
6.9000e+02 4.9118e-01
6.9100e+02 4.7472e-01
6.9200e+02 4.8069e-01
6.9300e+02 4.9896e-01
6.9400e+02 4.8534e-01
6.9500e+02 4.9098e-01
6.9600e+02 4.9938e-01
6.9700e+02 4.9849e-01
6.9800e+02 5.0508e-01
6.9900e+02 4.9768e-01
7.0000e+02 5.0236e-01
7.0100e+02 5.0570e-01
7.0200e+02 6.3308e-01
7.0300e+02 5.2356e-01
7.0400e+02 5.1620e-01
7.0500e+02 5.4469e-01
7.0600e+02 5.5354e-01
7.0700e+02 5.4145e-01
7.0800e+02 5.2408e-01
7.0900e+02 5.4639e-01
7.1000e+02 5.2022e-01
7.1100e+02 5.6318e-01
7.1200e+02 5.1539e-01
7.1300e+02 5.2456e-01
7.1400e+02 5.1269e-01
7.1500e+02 5.3266e-01
7.1600e+02 5.2353e-01
7.1700e+02 5.3191e-01
7.1800e+02 5.4182e-01
7.1900e+02 5.2692e-01
7.2000e+02 5.2159e-01
7.2100e+02 5.5149e-01
7.2200e+02 5.4558e-01
7.2300e+02 5.3731e-01
7.2400e+02 5.2084e-01
7.2500e+02 5.7784e-01
7.2600e+02 5.4262e-01
7.2700e+02 5.8275e-01
7.2800e+02 5.3761e-01
7.2900e+02 5.9089e-01
7.3000e+02 5.5424e-01
7.3100e+02 5.9378e-01
7.3200e+02 5.6673e-01
7.3300e+02 5.9366e-01
7.3400e+02 6.1660e-01
7.3500e+02 5.5421e-01
7.3600e+02 5.7058e-01
7.3700e+02 5.6661e-01
7.3800e+02 6.1203e-01
7.3900e+02 5.6243e-01
7.4000e+02 5.9351e-01
7.4100e+02 5.5956e-01
7.4200e+02 5.9172e-01
7.4300e+02 6.0108e-01
7.4400e+02 5.8368e-01
7.4500e+02 5.7434e-01
7.4600e+02 5.9800e-01
7.4700e+02 6.2055e-01
7.4800e+02 5.8112e-01
7.4900e+02 6.3097e-01
7.5000e+02 6.0148e-01
7.5100e+02 6.4152e-01
7.5200e+02 6.1412e-01
7.5300e+02 6.4188e-01
7.5400e+02 6.8672e-01
7.5500e+02 6.2652e-01
7.5600e+02 6.0736e-01
7.5700e+02 6.1521e-01
7.5800e+02 6.3706e-01
7.5900e+02 6.1524e-01
7.6000e+02 6.0971e-01
7.6100e+02 6.0031e-01
7.6200e+02 6.2772e-01
7.6300e+02 6.2225e-01
7.6400e+02 5.9796e-01
7.6500e+02 6.3118e-01
7.6600e+02 6.2909e-01
7.6700e+02 6.5077e-01
7.6800e+02 6.2252e-01
7.6900e+02 6.3513e-01
7.7000e+02 6.6150e-01
7.7100e+02 6.6552e-01
7.7200e+02 6.7647e-01
7.7300e+02 6.5873e-01
7.7400e+02 6.6744e-01
7.7500e+02 6.7293e-01
7.7600e+02 6.2711e-01
7.7700e+02 6.7522e-01
7.7800e+02 6.4002e-01
7.7900e+02 6.4747e-01
7.8000e+02 6.7134e-01
7.8100e+02 6.9694e-01
7.8200e+02 6.6361e-01
7.8300e+02 6.9126e-01
7.8400e+02 6.4910e-01
7.8500e+02 6.5314e-01
7.8600e+02 6.6424e-01
7.8700e+02 6.9741e-01
7.8800e+02 6.9345e-01
7.8900e+02 7.0455e-01
7.9000e+02 6.6777e-01
7.9100e+02 6.8233e-01
7.9200e+02 7.1199e-01
7.9300e+02 6.8962e-01
7.9400e+02 7.5114e-01
7.9500e+02 7.4437e-01
7.9600e+02 6.9025e-01
7.9700e+02 6.9082e-01
7.9800e+02 7.3038e-01
7.9900e+02 6.8867e-01
8.0000e+02 6.7933e-01
8.0100e+02 7.3257e-01
8.0200e+02 6.8910e-01
8.0300e+02 7.0907e-01
8.0400e+02 7.0886e-01
8.0500e+02 7.0408e-01
8.0600e+02 7.0802e-01
8.0700e+02 7.3359e-01
8.0800e+02 7.0346e-01
8.0900e+02 7.3198e-01
8.1000e+02 7.5042e-01
8.1100e+02 7.6597e-01
8.1200e+02 7.7302e-01
8.1300e+02 7.7355e-01
8.1400e+02 7.7020e-01
8.1500e+02 7.7709e-01
8.1600e+02 7.3686e-01
8.1700e+02 7.6474e-01
8.1800e+02 7.3314e-01
8.1900e+02 7.3927e-01
8.2000e+02 7.7109e-01
8.2100e+02 7.5825e-01
8.2200e+02 7.6495e-01
8.2300e+02 7.8177e-01
8.2400e+02 7.2966e-01
8.2500e+02 7.5064e-01
8.2600e+02 8.1098e-01
8.2700e+02 7.8633e-01
8.2800e+02 7.5060e-01
8.2900e+02 7.9423e-01
8.3000e+02 7.9594e-01
8.3100e+02 8.0894e-01
8.3200e+02 7.9053e-01
8.3300e+02 8.1321e-01
8.3400e+02 7.9896e-01
8.3500e+02 7.9840e-01
8.3600e+02 8.3566e-01
8.3700e+02 7.9812e-01
8.3800e+02 8.2768e-01
8.3900e+02 7.9955e-01
8.4000e+02 7.9213e-01
8.4100e+02 7.9444e-01
8.4200e+02 7.8939e-01
8.4300e+02 8.0120e-01
8.4400e+02 7.7925e-01
8.4500e+02 8.0871e-01
8.4600e+02 8.1240e-01
8.4700e+02 8.5718e-01
8.4800e+02 7.7269e-01
8.4900e+02 8.2539e-01
8.5000e+02 8.3996e-01
8.5100e+02 7.9546e-01
8.5200e+02 8.2423e-01
8.5300e+02 8.4727e-01
8.5400e+02 8.3659e-01
8.5500e+02 8.4168e-01
8.5600e+02 8.3857e-01
8.5700e+02 8.2133e-01
8.5800e+02 8.5364e-01
8.5900e+02 8.6065e-01
8.6000e+02 8.4689e-01
8.6100e+02 8.7732e-01
8.6200e+02 8.4788e-01
8.6300e+02 8.4908e-01
8.6400e+02 8.7112e-01
8.6500e+02 8.4821e-01
8.6600e+02 8.7739e-01
8.6700e+02 8.3091e-01
8.6800e+02 8.7574e-01
8.6900e+02 8.8999e-01
8.7000e+02 9.1712e-01
8.7100e+02 8.6680e-01
8.7200e+02 8.6351e-01
8.7300e+02 8.9058e-01
8.7400e+02 8.9989e-01
8.7500e+02 9.1940e-01
8.7600e+02 9.0332e-01
8.7700e+02 8.8086e-01
8.7800e+02 8.5710e-01
8.7900e+02 8.8784e-01
8.8000e+02 8.6744e-01
8.8100e+02 8.5418e-01
8.8200e+02 8.8628e-01
8.8300e+02 8.8786e-01
8.8400e+02 9.1252e-01
8.8500e+02 9.4547e-01
8.8600e+02 9.9280e-01
8.8700e+02 9.3881e-01
8.8800e+02 9.1804e-01
8.8900e+02 9.4230e-01
8.9000e+02 9.1118e-01
8.9100e+02 9.3362e-01
8.9200e+02 9.5208e-01
8.9300e+02 9.4380e-01
8.9400e+02 9.7501e-01
8.9500e+02 9.3135e-01
8.9600e+02 9.5989e-01
8.9700e+02 9.4001e-01
8.9800e+02 9.3467e-01
8.9900e+02 9.9443e-01
9.0000e+02 1.0066e+00
9.0100e+02 9.4735e-01
9.0200e+02 9.6729e-01
9.0300e+02 9.3307e-01
9.0400e+02 9.2377e-01
9.0500e+02 9.6511e-01
9.0600e+02 9.4772e-01
9.0700e+02 9.5925e-01
9.0800e+02 1.0108e+00
9.0900e+02 9.8738e-01
9.1000e+02 1.0257e+00
9.1100e+02 9.8952e-01
9.1200e+02 9.8212e-01
9.1300e+02 9.8952e-01
9.1400e+02 1.0170e+00
9.1500e+02 9.7398e-01
9.1600e+02 9.7812e-01
9.1700e+02 1.0177e+00
9.1800e+02 9.7555e-01
9.1900e+02 9.8200e-01
9.2000e+02 9.8733e-01
9.2100e+02 1.0300e+00
9.2200e+02 1.0055e+00
9.2300e+02 1.0362e+00
9.2400e+02 1.0065e+00
9.2500e+02 9.9911e-01
9.2600e+02 9.5606e-01
9.2700e+02 1.0050e+00
9.2800e+02 1.0035e+00
9.2900e+02 9.9178e-01
9.3000e+02 9.8946e-01
9.3100e+02 1.0454e+00
9.3200e+02 1.0252e+00
9.3300e+02 9.6848e-01
9.3400e+02 1.0192e+00
9.3500e+02 1.0439e+00
9.3600e+02 1.0462e+00
9.3700e+02 1.0199e+00
9.3800e+02 1.1235e+00
9.3900e+02 1.0609e+00
9.4000e+02 1.0819e+00
9.4100e+02 1.0707e+00
9.4200e+02 1.0238e+00
9.4300e+02 1.0615e+00
9.4400e+02 1.0609e+00
9.4500e+02 1.0188e+00
9.4600e+02 1.0651e+00
9.4700e+02 1.0599e+00
9.4800e+02 1.0424e+00
9.4900e+02 1.0766e+00
9.5000e+02 1.0680e+00
9.5100e+02 1.0658e+00
9.5200e+02 1.0800e+00
9.5300e+02 1.0678e+00
9.5400e+02 1.1056e+00
9.5500e+02 1.0847e+00
9.5600e+02 1.2773e+00
9.5700e+02 1.1240e+00
9.5800e+02 1.1440e+00
9.5900e+02 1.2489e+00
9.6000e+02 1.1310e+00
9.6100e+02 1.2433e+00
9.6200e+02 1.3797e+00
9.6300e+02 1.1287e+00
9.6400e+02 1.1823e+00
9.6500e+02 1.1369e+00
9.6600e+02 1.1737e+00
9.6700e+02 1.2797e+00
9.6800e+02 1.0859e+00
9.6900e+02 1.0904e+00
9.7000e+02 1.1263e+00
9.7100e+02 1.2359e+00
9.7200e+02 1.1433e+00
9.7300e+02 1.1488e+00
9.7400e+02 1.1847e+00
9.7500e+02 1.1857e+00
9.7600e+02 1.2139e+00
9.7700e+02 1.1716e+00
9.7800e+02 1.1941e+00
9.7900e+02 1.1648e+00
9.8000e+02 1.1748e+00
9.8100e+02 1.2139e+00
9.8200e+02 1.1587e+00
9.8300e+02 1.2413e+00
