2.0000e+00 9.2130e-03
2.0000e+00 9.2130e-03
3.0000e+00 9.5980e-03
4.0000e+00 1.3097e-02
5.0000e+00 1.2891e-02
6.0000e+00 1.7538e-02
7.0000e+00 1.7945e-02
8.0000e+00 1.0466e-02
9.0000e+00 1.0266e-02
1.0000e+01 1.0825e-02
1.1000e+01 1.2632e-02
1.2000e+01 1.2327e-02
1.3000e+01 1.3079e-02
1.4000e+01 1.0927e-02
1.5000e+01 1.1603e-02
1.6000e+01 1.1319e-02
1.7000e+01 1.2910e-02
1.8000e+01 1.1582e-02
1.9000e+01 1.0143e-02
2.0000e+01 1.5330e-02
2.1000e+01 1.0397e-02
2.2000e+01 1.1367e-02
2.3000e+01 1.0624e-02
2.4000e+01 1.2795e-02
2.5000e+01 1.2277e-02
2.6000e+01 1.3583e-02
2.7000e+01 1.1154e-02
2.8000e+01 1.0656e-02
2.9000e+01 1.4046e-02
3.0000e+01 1.1457e-02
3.1000e+01 1.0562e-02
3.2000e+01 1.6220e-02
3.3000e+01 1.1478e-02
3.4000e+01 1.2955e-02
3.5000e+01 1.2780e-02
3.6000e+01 1.1509e-02
3.7000e+01 1.2995e-02
3.8000e+01 1.2644e-02
3.9000e+01 1.3619e-02
4.0000e+01 1.1932e-02
4.1000e+01 1.3230e-02
4.2000e+01 1.3499e-02
4.3000e+01 1.4041e-02
4.4000e+01 1.5566e-02
4.5000e+01 1.2259e-02
4.6000e+01 1.2561e-02
4.7000e+01 1.3999e-02
4.8000e+01 1.2764e-02
4.9000e+01 1.3603e-02
5.0000e+01 1.2787e-02
5.1000e+01 1.2919e-02
5.2000e+01 1.4392e-02
5.3000e+01 1.2777e-02
5.4000e+01 1.2745e-02
5.5000e+01 1.4723e-02
5.6000e+01 1.4781e-02
5.7000e+01 1.3290e-02
5.8000e+01 1.4730e-02
5.9000e+01 1.3364e-02
6.0000e+01 1.6212e-02
6.1000e+01 1.3016e-02
6.2000e+01 1.3128e-02
6.3000e+01 1.3416e-02
6.4000e+01 1.4439e-02
6.5000e+01 1.6096e-02
6.6000e+01 1.4273e-02
6.7000e+01 1.5132e-02
6.8000e+01 1.6084e-02
6.9000e+01 1.4956e-02
7.0000e+01 1.6581e-02
7.1000e+01 1.4705e-02
7.2000e+01 1.7022e-02
7.3000e+01 1.5531e-02
7.4000e+01 1.7008e-02
7.5000e+01 1.5168e-02
7.6000e+01 2.0523e-02
7.7000e+01 1.9308e-02
7.8000e+01 1.7162e-02
7.9000e+01 1.7554e-02
8.0000e+01 1.5449e-02
8.1000e+01 1.8662e-02
8.2000e+01 1.5760e-02
8.3000e+01 1.8210e-02
8.4000e+01 1.7893e-02
8.5000e+01 1.6069e-02
8.6000e+01 1.6211e-02
8.7000e+01 1.8597e-02
8.8000e+01 1.5687e-02
8.9000e+01 1.9259e-02
9.0000e+01 1.9313e-02
9.1000e+01 1.7049e-02
9.2000e+01 1.7288e-02
9.3000e+01 2.0406e-02
9.4000e+01 1.6618e-02
9.5000e+01 1.7741e-02
9.6000e+01 1.7343e-02
9.7000e+01 1.7770e-02
9.8000e+01 1.7395e-02
9.9000e+01 2.0683e-02
1.0000e+02 1.7902e-02
1.0100e+02 2.1695e-02
1.0200e+02 2.1332e-02
1.0300e+02 1.9605e-02
1.0400e+02 2.3516e-02
1.0500e+02 2.1469e-02
1.0600e+02 1.8601e-02
1.0700e+02 2.1128e-02
1.0800e+02 2.0540e-02
1.0900e+02 2.3000e-02
1.1000e+02 1.9222e-02
1.1100e+02 2.0572e-02
1.1200e+02 1.9758e-02
1.1300e+02 1.9529e-02
1.1400e+02 2.0762e-02
1.1500e+02 2.1111e-02
1.1600e+02 2.0734e-02
1.1700e+02 2.5150e-02
1.1800e+02 2.1716e-02
1.1900e+02 2.1027e-02
1.2000e+02 2.1763e-02
1.2100e+02 2.2028e-02
1.2200e+02 2.3729e-02
1.2300e+02 2.2018e-02
1.2400e+02 2.4573e-02
1.2500e+02 2.2589e-02
1.2600e+02 2.5121e-02
1.2700e+02 2.5958e-02
1.2800e+02 3.0085e-02
1.2900e+02 2.6902e-02
1.3000e+02 2.7372e-02
1.3100e+02 2.7417e-02
1.3200e+02 2.6130e-02
1.3300e+02 2.7622e-02
1.3400e+02 2.7044e-02
1.3500e+02 2.8537e-02
1.3600e+02 2.7337e-02
1.3700e+02 2.7986e-02
1.3800e+02 2.8554e-02
1.3900e+02 3.0050e-02
1.4000e+02 2.8088e-02
1.4100e+02 2.8278e-02
1.4200e+02 2.8034e-02
1.4300e+02 3.0218e-02
1.4400e+02 2.8405e-02
1.4500e+02 3.0694e-02
1.4600e+02 3.1443e-02
1.4700e+02 2.9452e-02
1.4800e+02 3.1762e-02
1.4900e+02 3.0442e-02
1.5000e+02 3.0498e-02
1.5100e+02 3.2330e-02
1.5200e+02 2.9904e-02
1.5300e+02 3.1480e-02
1.5400e+02 3.0128e-02
1.5500e+02 3.3238e-02
1.5600e+02 3.0102e-02
1.5700e+02 3.2507e-02
1.5800e+02 3.3317e-02
1.5900e+02 3.1746e-02
1.6000e+02 3.1864e-02
1.6100e+02 3.7026e-02
1.6200e+02 4.0335e-02
1.6300e+02 3.6380e-02
1.6400e+02 3.6935e-02
1.6500e+02 3.4280e-02
1.6600e+02 3.6318e-02
