2.0000e+00 3.3310e-03
2.0000e+00 3.3310e-03
3.0000e+00 1.3350e-03
4.0000e+00 1.6090e-03
5.0000e+00 1.6130e-03
6.0000e+00 1.3360e-03
7.0000e+00 1.5330e-03
8.0000e+00 2.0180e-03
9.0000e+00 1.7410e-03
1.0000e+01 1.6800e-03
1.1000e+01 1.7190e-03
1.2000e+01 1.6710e-03
1.3000e+01 1.9340e-03
1.4000e+01 2.2880e-03
1.5000e+01 1.9110e-03
1.6000e+01 1.9310e-03
1.7000e+01 2.2550e-03
1.8000e+01 2.2730e-03
1.9000e+01 2.5020e-03
2.0000e+01 1.9040e-03
2.1000e+01 2.2780e-03
2.2000e+01 3.0480e-03
2.3000e+01 3.1310e-03
2.4000e+01 2.9030e-03
2.5000e+01 3.7140e-03
2.6000e+01 4.8360e-03
2.7000e+01 4.9240e-03
2.8000e+01 5.6650e-03
2.9000e+01 3.2100e-03
3.0000e+01 3.2400e-03
3.1000e+01 3.2040e-03
3.2000e+01 3.3290e-03
3.3000e+01 7.3150e-03
3.4000e+01 8.0520e-03
3.5000e+01 1.0595e-02
3.6000e+01 9.5260e-03
3.7000e+01 9.2750e-03
3.8000e+01 8.8260e-03
3.9000e+01 9.2250e-03
4.0000e+01 7.3360e-03
4.1000e+01 8.9560e-03
4.2000e+01 7.7930e-03
4.3000e+01 8.7720e-03
4.4000e+01 9.3770e-03
4.5000e+01 9.7010e-03
4.6000e+01 9.6670e-03
4.7000e+01 1.0773e-02
4.8000e+01 1.0337e-02
4.9000e+01 1.3282e-02
5.0000e+01 1.3953e-02
5.1000e+01 1.3676e-02
5.2000e+01 1.2887e-02
5.3000e+01 1.3915e-02
5.4000e+01 1.6003e-02
5.5000e+01 1.5696e-02
5.6000e+01 1.5664e-02
5.7000e+01 1.5563e-02
5.8000e+01 1.4060e-02
5.9000e+01 1.8625e-02
6.0000e+01 1.5633e-02
6.1000e+01 1.5996e-02
6.2000e+01 1.6991e-02
6.3000e+01 1.7484e-02
6.4000e+01 1.7510e-02
6.5000e+01 2.1072e-02
6.6000e+01 2.1589e-02
6.7000e+01 2.1740e-02
6.8000e+01 2.1885e-02
6.9000e+01 2.1470e-02
7.0000e+01 2.1632e-02
7.1000e+01 2.0494e-02
7.2000e+01 2.2340e-02
7.3000e+01 2.2427e-02
7.4000e+01 2.3041e-02
7.5000e+01 2.6294e-02
7.6000e+01 2.3864e-02
7.7000e+01 2.4926e-02
7.8000e+01 2.5846e-02
7.9000e+01 2.5813e-02
8.0000e+01 2.2756e-02
8.1000e+01 2.7009e-02
8.2000e+01 2.7855e-02
8.3000e+01 3.0380e-02
8.4000e+01 2.8655e-02
8.5000e+01 2.9037e-02
8.6000e+01 2.7015e-02
8.7000e+01 3.0613e-02
8.8000e+01 3.0752e-02
8.9000e+01 3.1404e-02
9.0000e+01 3.1745e-02
9.1000e+01 3.1736e-02
9.2000e+01 3.1112e-02
9.3000e+01 3.1424e-02
9.4000e+01 3.0684e-02
9.5000e+01 3.2873e-02
9.6000e+01 3.1316e-02
9.7000e+01 3.7790e-02
9.8000e+01 3.5424e-02
9.9000e+01 3.6219e-02
1.0000e+02 3.6752e-02
1.0100e+02 3.9116e-02
