2.0000e+00 1.0860e-03
2.0000e+00 1.0860e-03
3.0000e+00 7.1200e-04
4.0000e+00 6.4800e-04
5.0000e+00 7.2300e-04
6.0000e+00 7.6300e-04
7.0000e+00 7.0700e-04
8.0000e+00 8.4300e-04
9.0000e+00 1.6490e-03
1.0000e+01 1.7090e-03
1.1000e+01 1.4230e-03
1.2000e+01 1.5310e-03
1.3000e+01 1.4310e-03
1.4000e+01 1.1120e-03
1.5000e+01 9.1700e-04
1.6000e+01 1.6550e-03
1.7000e+01 1.9550e-03
1.8000e+01 2.3300e-03
1.9000e+01 1.9420e-03
2.0000e+01 1.5500e-03
2.1000e+01 1.7770e-03
2.2000e+01 1.3850e-03
2.3000e+01 1.0540e-03
2.4000e+01 1.3980e-03
2.5000e+01 1.5370e-03
2.6000e+01 1.6480e-03
2.7000e+01 1.9660e-03
2.8000e+01 1.6290e-03
2.9000e+01 1.6090e-03
3.0000e+01 1.5800e-03
3.1000e+01 2.0370e-03
3.2000e+01 2.4760e-03
3.3000e+01 6.2200e-03
3.4000e+01 3.9340e-03
3.5000e+01 8.6250e-03
3.6000e+01 7.8900e-03
3.7000e+01 9.3630e-03
3.8000e+01 1.2597e-02
3.9000e+01 1.6695e-02
4.0000e+01 1.5982e-02
4.1000e+01 1.7536e-02
4.2000e+01 1.5418e-02
4.3000e+01 1.6218e-02
4.4000e+01 2.4857e-02
4.5000e+01 4.1819e-02
4.6000e+01 6.1319e-02
4.7000e+01 2.2547e-01
4.8000e+01 2.4950e-01
4.9000e+01 8.7545e-01
5.0000e+01 8.6678e-01
5.1000e+01 6.3973e-01
2.0000e+00 1.2100e-03
3.0000e+00 1.7850e-03
4.0000e+00 5.9000e-04
5.0000e+00 1.2850e-03
6.0000e+00 9.0800e-04
7.0000e+00 1.2080e-03
8.0000e+00 1.8570e-03
9.0000e+00 1.7970e-03
1.0000e+01 1.9080e-03
1.1000e+01 1.8380e-03
1.2000e+01 1.9460e-03
1.3000e+01 1.6040e-03
1.4000e+01 1.3110e-03
1.5000e+01 1.6720e-03
1.6000e+01 1.6330e-03
1.7000e+01 1.1550e-03
1.8000e+01 8.8300e-04
1.9000e+01 1.1990e-03
2.0000e+01 1.0750e-03
2.1000e+01 1.7040e-03
2.2000e+01 1.5140e-03
2.3000e+01 1.4580e-03
2.4000e+01 1.0880e-03
2.5000e+01 1.1280e-03
2.6000e+01 1.2200e-03
2.7000e+01 2.1180e-03
2.8000e+01 1.5690e-03
2.9000e+01 1.5530e-03
3.0000e+01 1.7660e-03
3.1000e+01 2.4000e-03
3.2000e+01 1.8300e-03
3.3000e+01 6.5110e-03
3.4000e+01 4.6920e-03
3.5000e+01 8.9120e-03
3.6000e+01 9.4080e-03
3.7000e+01 1.1156e-02
3.8000e+01 1.3474e-02
3.9000e+01 1.4134e-02
4.0000e+01 1.5361e-02
4.1000e+01 1.5994e-02
