2.0000e+00 2.1100e-03
2.0000e+00 2.1100e-03
3.0000e+00 1.8070e-03
4.0000e+00 1.6320e-03
5.0000e+00 2.1490e-03
6.0000e+00 1.9120e-03
7.0000e+00 1.9320e-03
8.0000e+00 2.3460e-03
9.0000e+00 1.9580e-03
1.0000e+01 1.9000e-03
1.1000e+01 2.3830e-03
1.2000e+01 1.9750e-03
1.3000e+01 2.1120e-03
1.4000e+01 2.1850e-03
1.5000e+01 1.8880e-03
1.6000e+01 2.0800e-03
1.7000e+01 1.9860e-03
1.8000e+01 2.3730e-03
1.9000e+01 2.2000e-03
2.0000e+01 2.4040e-03
2.1000e+01 2.1620e-03
2.2000e+01 2.3810e-03
2.3000e+01 2.4800e-03
2.4000e+01 2.1550e-03
2.5000e+01 2.3780e-03
2.6000e+01 2.1650e-03
2.7000e+01 2.1280e-03
2.8000e+01 2.7290e-03
2.9000e+01 2.2510e-03
3.0000e+01 2.1220e-03
3.1000e+01 2.4060e-03
3.2000e+01 2.3690e-03
3.3000e+01 2.8750e-03
3.4000e+01 2.6380e-03
3.5000e+01 2.4670e-03
3.6000e+01 2.3860e-03
3.7000e+01 3.1040e-03
3.8000e+01 2.7190e-03
3.9000e+01 2.7120e-03
4.0000e+01 2.6540e-03
4.1000e+01 2.7800e-03
4.2000e+01 3.2260e-03
4.3000e+01 2.5560e-03
4.4000e+01 2.6890e-03
4.5000e+01 2.9610e-03
4.6000e+01 2.6880e-03
4.7000e+01 3.1550e-03
4.8000e+01 3.0270e-03
4.9000e+01 3.3980e-03
5.0000e+01 2.8130e-03
5.1000e+01 3.1560e-03
5.2000e+01 3.1810e-03
5.3000e+01 3.3620e-03
5.4000e+01 3.0890e-03
5.5000e+01 3.2060e-03
5.6000e+01 3.4380e-03
5.7000e+01 3.2200e-03
5.8000e+01 3.1450e-03
5.9000e+01 3.4150e-03
6.0000e+01 3.2840e-03
6.1000e+01 3.1770e-03
6.2000e+01 3.3290e-03
6.3000e+01 3.4850e-03
6.4000e+01 3.4790e-03
6.5000e+01 4.1490e-03
6.6000e+01 3.5340e-03
6.7000e+01 3.8170e-03
6.8000e+01 3.7840e-03
6.9000e+01 3.9050e-03
7.0000e+01 3.8600e-03
7.1000e+01 4.4460e-03
7.2000e+01 3.9720e-03
7.3000e+01 3.9780e-03
7.4000e+01 4.0430e-03
7.5000e+01 4.3290e-03
7.6000e+01 3.6920e-03
7.7000e+01 4.6580e-03
7.8000e+01 4.3380e-03
7.9000e+01 4.1420e-03
8.0000e+01 4.1540e-03
8.1000e+01 4.4740e-03
8.2000e+01 4.4590e-03
8.3000e+01 4.5260e-03
8.4000e+01 4.2400e-03
8.5000e+01 5.4060e-03
8.6000e+01 8.5550e-03
8.7000e+01 6.2910e-03
8.8000e+01 7.2130e-03
8.9000e+01 8.3450e-03
9.0000e+01 4.9350e-03
9.1000e+01 4.3880e-03
9.2000e+01 4.8910e-03
9.3000e+01 5.2280e-03
9.4000e+01 4.9730e-03
9.5000e+01 5.0870e-03
9.6000e+01 5.1580e-03
9.7000e+01 5.1460e-03
9.8000e+01 4.7850e-03
9.9000e+01 5.6250e-03
1.0000e+02 4.8570e-03
1.0100e+02 6.0320e-03
1.0200e+02 5.3040e-03
1.0300e+02 6.3010e-03
1.0400e+02 5.3050e-03
1.0500e+02 6.1030e-03
1.0600e+02 6.2120e-03
1.0700e+02 5.5910e-03
1.0800e+02 5.7490e-03
1.0900e+02 5.8550e-03
1.1000e+02 6.6190e-03
1.1100e+02 6.3280e-03
1.1200e+02 6.0340e-03
1.1300e+02 6.4250e-03
1.1400e+02 6.6180e-03
1.1500e+02 6.9930e-03
1.1600e+02 6.8290e-03
1.1700e+02 6.7470e-03
1.1800e+02 6.7810e-03
1.1900e+02 6.5080e-03
1.2000e+02 6.4590e-03
1.2100e+02 8.1470e-03
1.2200e+02 7.7920e-03
1.2300e+02 6.9350e-03
1.2400e+02 6.8290e-03
1.2500e+02 6.9900e-03
1.2600e+02 7.1750e-03
1.2700e+02 7.4380e-03
1.2800e+02 8.2250e-03
1.2900e+02 8.2060e-03
1.3000e+02 7.9840e-03
1.3100e+02 7.9320e-03
1.3200e+02 8.4660e-03
1.3300e+02 8.4240e-03
1.3400e+02 8.5370e-03
1.3500e+02 9.0550e-03
1.3600e+02 8.7170e-03
1.3700e+02 9.1770e-03
1.3800e+02 1.1037e-02
1.3900e+02 9.4700e-03
1.4000e+02 8.6690e-03
1.4100e+02 1.0321e-02
1.4200e+02 9.8610e-03
1.4300e+02 9.3250e-03
1.4400e+02 1.1241e-02
1.4500e+02 9.9580e-03
1.4600e+02 9.0860e-03
1.4700e+02 9.3450e-03
1.4800e+02 9.4180e-03
1.4900e+02 1.0283e-02
1.5000e+02 9.5890e-03
1.5100e+02 9.6640e-03
1.5200e+02 1.0494e-02
1.5300e+02 1.0333e-02
1.5400e+02 1.4179e-02
1.5500e+02 1.1995e-02
1.5600e+02 1.0721e-02
1.5700e+02 1.1807e-02
1.5800e+02 1.3145e-02
1.5900e+02 1.1318e-02
1.6000e+02 1.0911e-02
1.6100e+02 1.1480e-02
1.6200e+02 1.1499e-02
1.6300e+02 1.1097e-02
1.6400e+02 1.2224e-02
1.6500e+02 1.2062e-02
1.6600e+02 1.2452e-02
1.6700e+02 1.1875e-02
1.6800e+02 1.1671e-02
1.6900e+02 1.2618e-02
1.7000e+02 1.1672e-02
1.7100e+02 1.1965e-02
1.7200e+02 1.2557e-02
1.7300e+02 1.2245e-02
1.7400e+02 1.3328e-02
1.7500e+02 1.2815e-02
1.7600e+02 1.1904e-02
1.7700e+02 1.3227e-02
1.7800e+02 1.2692e-02
1.7900e+02 1.3587e-02
1.8000e+02 1.2786e-02
1.8100e+02 1.2990e-02
1.8200e+02 1.3256e-02
1.8300e+02 1.3305e-02
1.8400e+02 1.3954e-02
1.8500e+02 1.5997e-02
1.8600e+02 1.3923e-02
1.8700e+02 1.4279e-02
1.8800e+02 1.3853e-02
1.8900e+02 1.4101e-02
1.9000e+02 1.4700e-02
1.9100e+02 1.4486e-02
1.9200e+02 1.7050e-02
1.9300e+02 1.4799e-02
1.9400e+02 1.3982e-02
1.9500e+02 1.7411e-02
1.9600e+02 1.7424e-02
1.9700e+02 1.5367e-02
1.9800e+02 1.5012e-02
1.9900e+02 1.5473e-02
2.0000e+02 1.5344e-02
2.0100e+02 1.5792e-02
2.0200e+02 1.5536e-02
2.0300e+02 1.5412e-02
2.0400e+02 1.6189e-02
2.0500e+02 1.5772e-02
2.0600e+02 1.6726e-02
2.0700e+02 1.6056e-02
2.0800e+02 1.6580e-02
2.0900e+02 1.7329e-02
2.1000e+02 1.7343e-02
2.1100e+02 1.6077e-02
2.1200e+02 1.6271e-02
2.1300e+02 1.7471e-02
2.1400e+02 1.9152e-02
2.1500e+02 1.8701e-02
2.1600e+02 1.6681e-02
2.1700e+02 1.8272e-02
2.1800e+02 1.9838e-02
2.1900e+02 1.8612e-02
2.2000e+02 1.9262e-02
2.2100e+02 1.7713e-02
2.2200e+02 2.0308e-02
2.2300e+02 1.8716e-02
2.2400e+02 1.8608e-02
2.2500e+02 2.0545e-02
2.2600e+02 1.9582e-02
2.2700e+02 2.1089e-02
2.2800e+02 1.9502e-02
2.2900e+02 2.4172e-02
2.3000e+02 1.9891e-02
2.3100e+02 2.0726e-02
2.3200e+02 1.9306e-02
2.3300e+02 1.9437e-02
2.3400e+02 2.0762e-02
2.3500e+02 2.1407e-02
2.3600e+02 2.0169e-02
2.3700e+02 2.0860e-02
2.3800e+02 2.3797e-02
2.3900e+02 2.2369e-02
2.4000e+02 2.0547e-02
2.4100e+02 2.3564e-02
2.4200e+02 2.3832e-02
2.4300e+02 2.4302e-02
2.4400e+02 2.2648e-02
2.4500e+02 2.3770e-02
2.4600e+02 2.3328e-02
2.4700e+02 2.3087e-02
2.4800e+02 2.6501e-02
2.4900e+02 2.4060e-02
2.5000e+02 2.2715e-02
2.5100e+02 3.0182e-02
2.5200e+02 2.2082e-02
2.5300e+02 2.8616e-02
2.5400e+02 2.4914e-02
2.5500e+02 2.8715e-02
2.5600e+02 2.4520e-02
2.5700e+02 3.8520e-02
2.5800e+02 3.7371e-02
2.5900e+02 3.7853e-02
2.6000e+02 3.8618e-02
2.6100e+02 3.8558e-02
2.6200e+02 3.6698e-02
2.6300e+02 3.9020e-02
2.6400e+02 4.1884e-02
2.6500e+02 4.0144e-02
2.6600e+02 3.9104e-02
2.6700e+02 3.9201e-02
2.6800e+02 3.9070e-02
2.6900e+02 3.9831e-02
2.7000e+02 4.9806e-02
2.7100e+02 3.9971e-02
2.7200e+02 3.8773e-02
2.7300e+02 4.0345e-02
2.7400e+02 4.0694e-02
2.7500e+02 4.2174e-02
2.7600e+02 4.2578e-02
2.7700e+02 4.1393e-02
2.7800e+02 4.2298e-02
2.7900e+02 4.3362e-02
2.8000e+02 4.1228e-02
2.8100e+02 4.1478e-02
2.8200e+02 4.1244e-02
2.8300e+02 4.4731e-02
2.8400e+02 4.9685e-02
2.8500e+02 4.3829e-02
2.8600e+02 4.3730e-02
2.8700e+02 4.4085e-02
2.8800e+02 4.2946e-02
2.8900e+02 4.5821e-02
2.9000e+02 4.3446e-02
2.9100e+02 4.4549e-02
2.9200e+02 4.5779e-02
2.9300e+02 4.6235e-02
2.9400e+02 4.5573e-02
2.9500e+02 4.7582e-02
2.9600e+02 5.2001e-02
2.9700e+02 4.7269e-02
2.9800e+02 5.7758e-02
2.9900e+02 4.9290e-02
3.0000e+02 4.8158e-02
3.0100e+02 4.9000e-02
3.0200e+02 4.7707e-02
3.0300e+02 4.9544e-02
3.0400e+02 5.0007e-02
3.0500e+02 4.9342e-02
3.0600e+02 4.8048e-02
3.0700e+02 5.0340e-02
3.0800e+02 5.1031e-02
3.0900e+02 4.9967e-02
3.1000e+02 5.1577e-02
3.1100e+02 6.1541e-02
3.1200e+02 5.1738e-02
3.1300e+02 5.0719e-02
3.1400e+02 5.0433e-02
3.1500e+02 5.3410e-02
3.1600e+02 5.2106e-02
3.1700e+02 5.6659e-02
3.1800e+02 5.1452e-02
3.1900e+02 5.2819e-02
3.2000e+02 5.4688e-02
3.2100e+02 5.5589e-02
3.2200e+02 5.3783e-02
3.2300e+02 6.3992e-02
3.2400e+02 5.4229e-02
3.2500e+02 5.5628e-02
3.2600e+02 5.5558e-02
3.2700e+02 5.3490e-02
3.2800e+02 5.5086e-02
3.2900e+02 6.1045e-02
3.3000e+02 5.6044e-02
3.3100e+02 5.8244e-02
3.3200e+02 5.9716e-02
3.3300e+02 5.8122e-02
3.3400e+02 6.2685e-02
3.3500e+02 7.2282e-02
3.3600e+02 5.8391e-02
3.3700e+02 6.2270e-02
3.3800e+02 5.6585e-02
3.3900e+02 5.9430e-02
3.4000e+02 5.7345e-02
3.4100e+02 6.0633e-02
3.4200e+02 5.9735e-02
3.4300e+02 6.1910e-02
3.4400e+02 6.8183e-02
3.4500e+02 6.4188e-02
3.4600e+02 7.2551e-02
3.4700e+02 6.4209e-02
3.4800e+02 6.3752e-02
3.4900e+02 6.2490e-02
3.5000e+02 6.2015e-02
3.5100e+02 6.4269e-02
3.5200e+02 6.1593e-02
3.5300e+02 6.6454e-02
3.5400e+02 6.3185e-02
3.5500e+02 6.8335e-02
3.5600e+02 6.5875e-02
3.5700e+02 7.7042e-02
3.5800e+02 6.7211e-02
3.5900e+02 7.0560e-02
3.6000e+02 6.7945e-02
3.6100e+02 6.8550e-02
3.6200e+02 7.5656e-02
3.6300e+02 7.0174e-02
3.6400e+02 6.9188e-02
3.6500e+02 7.0595e-02
3.6600e+02 7.0127e-02
3.6700e+02 8.0162e-02
3.6800e+02 7.1357e-02
3.6900e+02 6.9305e-02
3.7000e+02 7.4360e-02
3.7100e+02 7.0460e-02
3.7200e+02 7.2911e-02
3.7300e+02 7.1304e-02
3.7400e+02 7.3049e-02
3.7500e+02 7.3260e-02
3.7600e+02 7.2553e-02
3.7700e+02 7.7572e-02
3.7800e+02 7.2528e-02
3.7900e+02 7.8275e-02
3.8000e+02 7.4194e-02
3.8100e+02 7.4838e-02
3.8200e+02 7.3869e-02
3.8300e+02 8.1621e-02
3.8400e+02 8.3723e-02
3.8500e+02 8.0719e-02
3.8600e+02 9.4179e-02
3.8700e+02 8.4699e-02
3.8800e+02 8.0914e-02
3.8900e+02 8.2304e-02
3.9000e+02 8.3444e-02
3.9100e+02 8.2188e-02
3.9200e+02 7.8810e-02
3.9300e+02 8.7904e-02
3.9400e+02 8.6334e-02
3.9500e+02 9.4124e-02
3.9600e+02 8.4797e-02
3.9700e+02 8.5578e-02
3.9800e+02 8.9069e-02
3.9900e+02 8.3355e-02
4.0000e+02 8.3518e-02
4.0100e+02 9.0333e-02
4.0200e+02 8.9281e-02
4.0300e+02 9.1589e-02
4.0400e+02 9.9402e-02
4.0500e+02 8.7027e-02
4.0600e+02 9.2220e-02
4.0700e+02 9.0885e-02
4.0800e+02 9.1865e-02
4.0900e+02 9.2018e-02
4.1000e+02 9.2547e-02
4.1100e+02 9.4385e-02
4.1200e+02 8.9329e-02
4.1300e+02 1.0441e-01
4.1400e+02 9.0940e-02
4.1500e+02 9.3402e-02
4.1600e+02 9.6834e-02
4.1700e+02 9.6310e-02
4.1800e+02 9.7001e-02
4.1900e+02 1.0144e-01
4.2000e+02 9.1377e-02
4.2100e+02 1.1304e-01
4.2200e+02 9.5093e-02
4.2300e+02 9.6998e-02
4.2400e+02 9.9239e-02
4.2500e+02 9.4377e-02
4.2600e+02 1.0408e-01
4.2700e+02 1.0023e-01
4.2800e+02 9.7889e-02
4.2900e+02 9.9991e-02
4.3000e+02 1.0627e-01
4.3100e+02 1.0877e-01
4.3200e+02 9.4299e-02
4.3300e+02 1.0135e-01
4.3400e+02 1.0220e-01
4.3500e+02 1.0046e-01
4.3600e+02 1.0514e-01
4.3700e+02 1.0586e-01
4.3800e+02 1.1509e-01
4.3900e+02 1.1009e-01
4.4000e+02 1.0660e-01
4.4100e+02 1.0926e-01
4.4200e+02 1.0819e-01
4.4300e+02 1.1069e-01
4.4400e+02 1.0595e-01
4.4500e+02 1.0998e-01
4.4600e+02 1.2229e-01
4.4700e+02 1.1028e-01
4.4800e+02 1.1152e-01
4.4900e+02 1.1473e-01
4.5000e+02 1.1191e-01
4.5100e+02 1.2825e-01
4.5200e+02 1.2338e-01
4.5300e+02 1.2998e-01
4.5400e+02 1.1302e-01
4.5500e+02 1.2088e-01
4.5600e+02 1.1552e-01
4.5700e+02 1.1932e-01
4.5800e+02 1.1733e-01
4.5900e+02 1.2322e-01
4.6000e+02 1.5104e-01
4.6100e+02 1.2723e-01
4.6200e+02 1.2440e-01
4.6300e+02 1.2921e-01
4.6400e+02 1.2111e-01
4.6500e+02 1.2338e-01
4.6600e+02 1.2863e-01
4.6700e+02 1.2994e-01
4.6800e+02 1.3273e-01
4.6900e+02 1.3115e-01
4.7000e+02 1.3041e-01
4.7100e+02 1.3296e-01
4.7200e+02 1.2719e-01
4.7300e+02 1.2710e-01
4.7400e+02 1.3593e-01
4.7500e+02 1.3648e-01
4.7600e+02 1.3670e-01
4.7700e+02 1.3569e-01
4.7800e+02 1.2876e-01
4.7900e+02 1.3827e-01
4.8000e+02 1.3205e-01
4.8100e+02 1.4283e-01
4.8200e+02 1.4150e-01
4.8300e+02 1.4096e-01
4.8400e+02 1.3658e-01
4.8500e+02 1.4546e-01
4.8600e+02 1.4870e-01
4.8700e+02 1.6545e-01
4.8800e+02 1.8094e-01
4.8900e+02 1.8792e-01
4.9000e+02 1.8496e-01
4.9100e+02 1.8913e-01
4.9200e+02 1.9425e-01
4.9300e+02 1.6666e-01
4.9400e+02 1.5434e-01
4.9500e+02 1.5438e-01
4.9600e+02 1.7322e-01
4.9700e+02 2.0742e-01
4.9800e+02 1.8952e-01
4.9900e+02 1.9220e-01
5.0000e+02 1.9715e-01
5.0100e+02 2.1514e-01
