2.0000e+00 2.9600e-03
2.0000e+00 2.9600e-03
3.0000e+00 1.4700e-03
4.0000e+00 1.0790e-03
5.0000e+00 1.3160e-03
6.0000e+00 1.1370e-03
7.0000e+00 1.0430e-03
8.0000e+00 1.1240e-03
9.0000e+00 1.9600e-03
1.0000e+01 1.2470e-03
1.1000e+01 1.4840e-03
1.2000e+01 1.3710e-03
1.3000e+01 1.3860e-03
1.4000e+01 1.3450e-03
1.5000e+01 1.4460e-03
1.6000e+01 2.2040e-03
1.7000e+01 1.9410e-03
1.8000e+01 2.1820e-03
1.9000e+01 1.9380e-03
2.0000e+01 1.7950e-03
2.1000e+01 2.2100e-03
2.2000e+01 1.6040e-03
2.3000e+01 1.6910e-03
2.4000e+01 2.2750e-03
2.5000e+01 1.7890e-03
2.6000e+01 2.1830e-03
2.7000e+01 2.3420e-03
2.8000e+01 1.8060e-03
2.9000e+01 1.8580e-03
3.0000e+01 1.9500e-03
3.1000e+01 1.8940e-03
3.2000e+01 2.3580e-03
3.3000e+01 5.5810e-03
3.4000e+01 5.5240e-03
3.5000e+01 6.3710e-03
3.6000e+01 4.9670e-03
3.7000e+01 5.3220e-03
3.8000e+01 6.4660e-03
3.9000e+01 6.5440e-03
4.0000e+01 6.7080e-03
4.1000e+01 6.2190e-03
4.2000e+01 6.9060e-03
4.3000e+01 6.6100e-03
4.4000e+01 6.7550e-03
4.5000e+01 7.4940e-03
4.6000e+01 8.5700e-03
4.7000e+01 6.9800e-03
4.8000e+01 7.8950e-03
4.9000e+01 1.0118e-02
5.0000e+01 9.7440e-03
5.1000e+01 1.0599e-02
5.2000e+01 9.7720e-03
5.3000e+01 1.1150e-02
5.4000e+01 1.0723e-02
5.5000e+01 1.1550e-02
5.6000e+01 1.3783e-02
5.7000e+01 1.2763e-02
5.8000e+01 1.2888e-02
5.9000e+01 1.2132e-02
6.0000e+01 1.1626e-02
6.1000e+01 1.4153e-02
6.2000e+01 1.3811e-02
6.3000e+01 1.2421e-02
6.4000e+01 1.4367e-02
6.5000e+01 1.5995e-02
6.6000e+01 1.7018e-02
6.7000e+01 1.6374e-02
6.8000e+01 1.6320e-02
6.9000e+01 1.9905e-02
7.0000e+01 2.0070e-02
7.1000e+01 2.0823e-02
7.2000e+01 2.3155e-02
7.3000e+01 2.6942e-02
7.4000e+01 2.4489e-02
7.5000e+01 2.9904e-02
7.6000e+01 2.9273e-02
7.7000e+01 2.8267e-02
7.8000e+01 3.0785e-02
7.9000e+01 3.7817e-02
8.0000e+01 3.9049e-02
8.1000e+01 4.6112e-02
8.2000e+01 5.2469e-02
8.3000e+01 5.0538e-02
8.4000e+01 4.6348e-02
8.5000e+01 5.5009e-02
8.6000e+01 7.5106e-02
8.7000e+01 8.3504e-02
8.8000e+01 1.2058e-01
8.9000e+01 1.2361e-01
9.0000e+01 1.3178e-01
9.1000e+01 1.4009e-01
