2.0000e+00 1.1023e-02
2.0000e+00 1.1023e-02
3.0000e+00 1.0126e-02
4.0000e+00 1.3162e-02
5.0000e+00 9.5660e-03
6.0000e+00 1.3497e-02
7.0000e+00 1.3972e-02
8.0000e+00 1.0017e-02
9.0000e+00 1.0336e-02
1.0000e+01 9.7570e-03
1.1000e+01 1.4935e-02
1.2000e+01 1.0621e-02
1.3000e+01 9.8840e-03
1.4000e+01 1.2946e-02
1.5000e+01 9.9620e-03
1.6000e+01 9.9730e-03
1.7000e+01 1.0914e-02
1.8000e+01 9.8420e-03
1.9000e+01 1.2861e-02
2.0000e+01 9.9620e-03
2.1000e+01 1.0544e-02
2.2000e+01 1.1593e-02
2.3000e+01 1.1819e-02
2.4000e+01 1.0518e-02
2.5000e+01 1.2389e-02
2.6000e+01 1.0433e-02
2.7000e+01 1.0685e-02
2.8000e+01 1.0519e-02
2.9000e+01 1.2609e-02
3.0000e+01 1.0796e-02
3.1000e+01 1.0325e-02
3.2000e+01 1.5000e-02
3.3000e+01 1.3934e-02
3.4000e+01 1.1500e-02
3.5000e+01 1.3376e-02
3.6000e+01 1.1200e-02
3.7000e+01 1.2144e-02
3.8000e+01 1.2151e-02
3.9000e+01 2.0113e-02
4.0000e+01 1.1239e-02
4.1000e+01 1.1517e-02
4.2000e+01 1.1988e-02
4.3000e+01 1.3608e-02
4.4000e+01 1.2668e-02
4.5000e+01 1.2319e-02
4.6000e+01 1.3549e-02
4.7000e+01 1.2761e-02
4.8000e+01 1.2121e-02
4.9000e+01 1.3209e-02
5.0000e+01 1.3971e-02
5.1000e+01 1.1929e-02
5.2000e+01 1.2175e-02
5.3000e+01 1.4164e-02
5.4000e+01 1.2359e-02
5.5000e+01 1.2252e-02
5.6000e+01 1.3684e-02
5.7000e+01 1.2882e-02
5.8000e+01 1.2993e-02
5.9000e+01 1.2097e-02
6.0000e+01 1.4794e-02
6.1000e+01 1.2765e-02
6.2000e+01 1.2446e-02
6.3000e+01 1.3255e-02
6.4000e+01 1.4864e-02
6.5000e+01 1.3813e-02
6.6000e+01 1.6054e-02
6.7000e+01 1.3486e-02
6.8000e+01 1.3614e-02
6.9000e+01 1.5947e-02
7.0000e+01 1.3786e-02
7.1000e+01 1.6826e-02
7.2000e+01 1.3513e-02
7.3000e+01 1.4064e-02
7.4000e+01 2.1567e-02
7.5000e+01 1.6224e-02
7.6000e+01 1.4468e-02
7.7000e+01 1.5571e-02
7.8000e+01 1.6770e-02
7.9000e+01 1.4518e-02
8.0000e+01 1.6696e-02
8.1000e+01 1.5151e-02
8.2000e+01 1.8160e-02
8.3000e+01 1.5631e-02
8.4000e+01 1.7778e-02
8.5000e+01 1.5975e-02
8.6000e+01 1.6613e-02
8.7000e+01 1.5441e-02
8.8000e+01 1.8453e-02
8.9000e+01 1.6575e-02
9.0000e+01 1.8495e-02
9.1000e+01 1.6288e-02
9.2000e+01 1.7959e-02
9.3000e+01 1.6350e-02
9.4000e+01 1.6850e-02
9.5000e+01 2.0485e-02
9.6000e+01 1.7788e-02
9.7000e+01 1.7147e-02
9.8000e+01 1.7545e-02
9.9000e+01 1.7330e-02
1.0000e+02 1.6867e-02
1.0100e+02 2.1194e-02
1.0200e+02 1.8694e-02
1.0300e+02 2.0288e-02
1.0400e+02 1.8735e-02
1.0500e+02 1.9422e-02
1.0600e+02 1.8053e-02
1.0700e+02 1.8140e-02
1.0800e+02 2.0869e-02
1.0900e+02 1.9631e-02
1.1000e+02 1.8624e-02
1.1100e+02 2.1669e-02
1.1200e+02 1.9392e-02
1.1300e+02 1.9183e-02
1.1400e+02 2.2161e-02
1.1500e+02 2.1393e-02
1.1600e+02 2.0168e-02
1.1700e+02 2.1263e-02
1.1800e+02 2.3592e-02
1.1900e+02 2.1045e-02
1.2000e+02 2.0319e-02
1.2100e+02 2.0758e-02
1.2200e+02 2.1171e-02
1.2300e+02 2.4526e-02
1.2400e+02 2.1879e-02
1.2500e+02 2.4018e-02
1.2600e+02 2.2297e-02
1.2700e+02 2.3961e-02
1.2800e+02 2.8324e-02
1.2900e+02 2.9022e-02
1.3000e+02 2.5232e-02
1.3100e+02 2.9370e-02
1.3200e+02 2.6980e-02
1.3300e+02 2.6976e-02
1.3400e+02 2.6399e-02
1.3500e+02 2.6610e-02
1.3600e+02 2.7098e-02
1.3700e+02 2.8706e-02
1.3800e+02 2.8054e-02
1.3900e+02 2.7973e-02
1.4000e+02 2.7917e-02
1.4100e+02 2.9756e-02
1.4200e+02 2.9496e-02
1.4300e+02 3.1037e-02
1.4400e+02 2.8647e-02
1.4500e+02 3.0364e-02
1.4600e+02 2.9143e-02
1.4700e+02 2.9159e-02
1.4800e+02 3.0233e-02
1.4900e+02 3.1494e-02
1.5000e+02 2.9756e-02
1.5100e+02 2.9989e-02
1.5200e+02 3.0226e-02
1.5300e+02 2.9630e-02
1.5400e+02 3.0330e-02
1.5500e+02 3.1880e-02
1.5600e+02 3.1763e-02
1.5700e+02 3.0251e-02
1.5800e+02 3.0286e-02
1.5900e+02 3.3536e-02
1.6000e+02 3.0034e-02
1.6100e+02 3.4165e-02
1.6200e+02 3.5357e-02
1.6300e+02 3.2027e-02
1.6400e+02 3.1922e-02
1.6500e+02 3.3684e-02
1.6600e+02 3.3161e-02
1.6700e+02 3.2961e-02
1.6800e+02 3.1748e-02
1.6900e+02 3.6919e-02
1.7000e+02 3.5188e-02
1.7100e+02 3.7678e-02
1.7200e+02 3.3840e-02
1.7300e+02 3.4964e-02
1.7400e+02 3.4398e-02
1.7500e+02 3.7769e-02
1.7600e+02 3.6779e-02
1.7700e+02 4.0434e-02
1.7800e+02 3.5519e-02
1.7900e+02 3.6376e-02
1.8000e+02 3.7022e-02
1.8100e+02 3.5511e-02
1.8200e+02 3.7437e-02
1.8300e+02 3.8385e-02
1.8400e+02 3.6728e-02
1.8500e+02 4.0714e-02
1.8600e+02 3.7952e-02
1.8700e+02 3.7400e-02
1.8800e+02 3.9113e-02
1.8900e+02 3.8834e-02
1.9000e+02 4.1543e-02
1.9100e+02 4.6097e-02
1.9200e+02 4.3381e-02
1.9300e+02 4.1966e-02
1.9400e+02 3.8556e-02
1.9500e+02 3.9062e-02
1.9600e+02 4.0972e-02
1.9700e+02 4.3722e-02
1.9800e+02 3.9679e-02
1.9900e+02 4.6560e-02
2.0000e+02 4.6173e-02
2.0100e+02 4.3292e-02
2.0200e+02 4.6190e-02
2.0300e+02 4.8887e-02
2.0400e+02 4.4453e-02
2.0500e+02 4.2925e-02
2.0600e+02 4.2486e-02
2.0700e+02 4.7198e-02
2.0800e+02 4.1709e-02
2.0900e+02 4.4407e-02
2.1000e+02 4.2294e-02
2.1100e+02 4.7111e-02
2.1200e+02 4.7697e-02
2.1300e+02 4.7289e-02
2.1400e+02 4.4597e-02
2.1500e+02 5.0635e-02
2.1600e+02 4.6444e-02
2.1700e+02 4.5758e-02
2.1800e+02 5.0591e-02
2.1900e+02 4.6994e-02
2.2000e+02 5.1823e-02
2.2100e+02 4.7404e-02
2.2200e+02 4.6569e-02
2.2300e+02 4.8047e-02
2.2400e+02 5.0693e-02
2.2500e+02 4.8922e-02
2.2600e+02 5.5905e-02
2.2700e+02 5.0402e-02
2.2800e+02 4.9132e-02
2.2900e+02 5.4824e-02
2.3000e+02 4.8977e-02
2.3100e+02 5.4531e-02
2.3200e+02 5.3445e-02
2.3300e+02 5.1877e-02
2.3400e+02 5.6015e-02
2.3500e+02 5.0972e-02
2.3600e+02 5.7549e-02
2.3700e+02 5.3997e-02
2.3800e+02 5.6583e-02
2.3900e+02 5.5040e-02
2.4000e+02 5.0791e-02
2.4100e+02 5.3681e-02
2.4200e+02 5.7270e-02
2.4300e+02 5.6437e-02
2.4400e+02 5.8091e-02
2.4500e+02 5.5072e-02
2.4600e+02 5.8685e-02
2.4700e+02 5.7793e-02
2.4800e+02 5.5528e-02
2.4900e+02 5.8665e-02
2.5000e+02 5.7490e-02
2.5100e+02 5.8579e-02
2.5200e+02 5.6059e-02
2.5300e+02 6.3122e-02
2.5400e+02 5.6050e-02
2.5500e+02 6.2223e-02
2.5600e+02 5.9734e-02
2.5700e+02 1.0604e-01
2.5800e+02 1.0234e-01
2.5900e+02 1.0637e-01
2.6000e+02 1.0442e-01
2.6100e+02 1.0755e-01
2.6200e+02 1.1450e-01
2.6300e+02 1.1193e-01
2.6400e+02 1.4148e-01
2.6500e+02 1.0804e-01
2.6600e+02 1.0378e-01
2.6700e+02 1.1217e-01
2.6800e+02 1.1002e-01
2.6900e+02 1.1323e-01
2.7000e+02 1.0746e-01
2.7100e+02 1.1355e-01
2.7200e+02 1.2183e-01
2.7300e+02 1.1368e-01
2.7400e+02 1.1440e-01
2.7500e+02 1.1850e-01
2.7600e+02 1.1394e-01
2.7700e+02 1.2451e-01
2.7800e+02 1.1391e-01
2.7900e+02 1.1565e-01
2.8000e+02 1.1524e-01
2.8100e+02 1.1491e-01
2.8200e+02 1.5372e-01
2.8300e+02 1.4948e-01
2.8400e+02 1.5092e-01
2.8500e+02 1.6557e-01
2.8600e+02 1.1825e-01
2.8700e+02 1.2647e-01
2.8800e+02 1.1959e-01
2.8900e+02 1.2514e-01
2.9000e+02 1.2022e-01
2.9100e+02 1.2838e-01
2.9200e+02 1.2413e-01
2.9300e+02 1.2170e-01
2.9400e+02 1.2177e-01
2.9500e+02 1.2454e-01
2.9600e+02 1.3161e-01
2.9700e+02 1.2515e-01
2.9800e+02 1.2429e-01
2.9900e+02 1.3758e-01
3.0000e+02 1.3236e-01
3.0100e+02 1.4007e-01
3.0200e+02 1.5320e-01
3.0300e+02 1.2931e-01
3.0400e+02 1.2626e-01
3.0500e+02 1.4577e-01
3.0600e+02 1.2927e-01
3.0700e+02 1.3189e-01
3.0800e+02 1.3804e-01
3.0900e+02 1.3736e-01
3.1000e+02 1.4524e-01
3.1100e+02 1.3869e-01
3.1200e+02 1.4148e-01
3.1300e+02 1.3658e-01
3.1400e+02 1.4858e-01
3.1500e+02 1.4656e-01
3.1600e+02 1.4142e-01
3.1700e+02 1.3883e-01
3.1800e+02 1.3929e-01
3.1900e+02 1.5505e-01
3.2000e+02 1.4539e-01
3.2100e+02 1.4817e-01
3.2200e+02 1.4153e-01
3.2300e+02 1.5784e-01
3.2400e+02 1.4876e-01
3.2500e+02 1.4619e-01
3.2600e+02 1.4279e-01
3.2700e+02 1.5254e-01
3.2800e+02 1.5675e-01
3.2900e+02 1.4566e-01
3.3000e+02 1.4569e-01
3.3100e+02 1.5360e-01
3.3200e+02 1.6566e-01
3.3300e+02 1.6048e-01
3.3400e+02 1.5448e-01
3.3500e+02 1.6557e-01
3.3600e+02 1.6746e-01
3.3700e+02 1.6020e-01
3.3800e+02 1.5552e-01
3.3900e+02 1.6148e-01
3.4000e+02 1.7453e-01
3.4100e+02 1.6261e-01
3.4200e+02 1.6416e-01
3.4300e+02 1.6660e-01
3.4400e+02 1.7111e-01
3.4500e+02 1.6481e-01
3.4600e+02 1.6408e-01
3.4700e+02 1.6729e-01
3.4800e+02 1.7615e-01
3.4900e+02 1.7127e-01
3.5000e+02 1.6705e-01
3.5100e+02 1.6754e-01
3.5200e+02 1.8806e-01
3.5300e+02 1.8054e-01
3.5400e+02 1.7398e-01
3.5500e+02 1.7510e-01
3.5600e+02 1.8648e-01
3.5700e+02 1.7679e-01
3.5800e+02 1.7459e-01
3.5900e+02 1.7935e-01
3.6000e+02 1.8832e-01
3.6100e+02 1.8186e-01
3.6200e+02 1.8127e-01
3.6300e+02 1.8795e-01
3.6400e+02 1.9605e-01
3.6500e+02 1.9020e-01
3.6600e+02 1.9081e-01
3.6700e+02 2.0809e-01
3.6800e+02 1.8468e-01
3.6900e+02 1.8994e-01
3.7000e+02 1.8615e-01
3.7100e+02 2.0737e-01
3.7200e+02 1.9321e-01
3.7300e+02 1.9823e-01
3.7400e+02 1.8967e-01
3.7500e+02 2.2107e-01
3.7600e+02 1.9525e-01
3.7700e+02 1.9765e-01
3.7800e+02 2.0109e-01
3.7900e+02 2.1429e-01
3.8000e+02 2.0485e-01
3.8100e+02 2.0632e-01
3.8200e+02 2.1487e-01
3.8300e+02 2.1151e-01
3.8400e+02 1.9940e-01
3.8500e+02 2.0990e-01
3.8600e+02 2.1110e-01
3.8700e+02 2.1049e-01
3.8800e+02 2.0157e-01
3.8900e+02 2.2872e-01
3.9000e+02 2.1065e-01
3.9100e+02 2.1690e-01
3.9200e+02 2.0468e-01
3.9300e+02 2.3606e-01
3.9400e+02 2.1147e-01
3.9500e+02 2.1562e-01
3.9600e+02 2.2381e-01
3.9700e+02 2.2619e-01
3.9800e+02 2.1513e-01
3.9900e+02 2.3359e-01
4.0000e+02 2.1523e-01
4.0100e+02 2.2112e-01
4.0200e+02 2.2394e-01
4.0300e+02 2.2926e-01
4.0400e+02 2.1318e-01
4.0500e+02 2.3195e-01
4.0600e+02 2.5166e-01
4.0700e+02 2.3051e-01
4.0800e+02 2.2061e-01
4.0900e+02 2.4034e-01
4.1000e+02 2.3672e-01
4.1100e+02 2.3432e-01
4.1200e+02 2.2475e-01
4.1300e+02 2.5495e-01
4.1400e+02 2.3263e-01
4.1500e+02 2.3731e-01
4.1600e+02 2.4558e-01
4.1700e+02 2.6695e-01
4.1800e+02 2.5307e-01
4.1900e+02 2.3999e-01
4.2000e+02 2.3662e-01
4.2100e+02 2.4567e-01
4.2200e+02 2.3843e-01
4.2300e+02 2.4375e-01
4.2400e+02 2.3038e-01
4.2500e+02 2.4558e-01
4.2600e+02 2.5502e-01
4.2700e+02 2.5324e-01
4.2800e+02 2.4247e-01
4.2900e+02 2.7018e-01
4.3000e+02 2.6085e-01
4.3100e+02 2.4737e-01
4.3200e+02 2.5771e-01
4.3300e+02 2.5219e-01
4.3400e+02 2.5354e-01
4.3500e+02 2.7242e-01
4.3600e+02 2.4756e-01
4.3700e+02 2.5537e-01
4.3800e+02 2.7206e-01
4.3900e+02 2.6072e-01
4.4000e+02 2.5414e-01
4.4100e+02 2.6107e-01
4.4200e+02 2.7627e-01
4.4300e+02 2.7331e-01
4.4400e+02 2.6577e-01
4.4500e+02 2.7519e-01
4.4600e+02 2.6921e-01
4.4700e+02 2.5858e-01
4.4800e+02 2.6963e-01
4.4900e+02 2.7984e-01
4.5000e+02 2.6760e-01
4.5100e+02 2.8619e-01
4.5200e+02 2.7084e-01
4.5300e+02 2.8553e-01
4.5400e+02 2.8328e-01
4.5500e+02 2.7814e-01
4.5600e+02 2.7854e-01
4.5700e+02 2.9479e-01
4.5800e+02 2.8423e-01
4.5900e+02 3.0172e-01
4.6000e+02 2.9140e-01
4.6100e+02 2.9542e-01
4.6200e+02 3.1777e-01
4.6300e+02 2.9900e-01
4.6400e+02 3.0595e-01
4.6500e+02 3.1716e-01
4.6600e+02 2.9644e-01
4.6700e+02 3.0259e-01
4.6800e+02 3.2678e-01
4.6900e+02 3.1029e-01
4.7000e+02 3.0153e-01
4.7100e+02 3.3104e-01
4.7200e+02 3.0080e-01
4.7300e+02 3.2591e-01
4.7400e+02 3.3771e-01
4.7500e+02 3.1851e-01
4.7600e+02 3.5344e-01
4.7700e+02 3.2509e-01
4.7800e+02 3.1524e-01
4.7900e+02 3.2022e-01
4.8000e+02 3.2776e-01
4.8100e+02 3.2845e-01
4.8200e+02 3.5379e-01
4.8300e+02 3.3589e-01
4.8400e+02 3.6444e-01
4.8500e+02 3.3545e-01
4.8600e+02 3.3642e-01
4.8700e+02 3.5683e-01
4.8800e+02 3.3488e-01
4.8900e+02 3.5138e-01
4.9000e+02 3.6337e-01
4.9100e+02 3.6149e-01
4.9200e+02 3.7466e-01
4.9300e+02 3.5918e-01
4.9400e+02 3.6107e-01
4.9500e+02 3.5868e-01
4.9600e+02 3.4809e-01
4.9700e+02 3.7596e-01
4.9800e+02 3.6433e-01
4.9900e+02 3.6851e-01
5.0000e+02 3.7726e-01
5.0100e+02 3.9518e-01
5.0200e+02 4.3086e-01
5.0300e+02 3.9108e-01
5.0400e+02 4.0939e-01
5.0500e+02 3.9717e-01
5.0600e+02 4.0866e-01
5.0700e+02 4.2105e-01
5.0800e+02 3.9808e-01
5.0900e+02 4.2059e-01
5.1000e+02 4.0104e-01
5.1100e+02 4.4463e-01
5.1200e+02 4.2889e-01
5.1300e+02 4.2581e-01
5.1400e+02 4.0619e-01
5.1500e+02 5.0301e-01
5.1600e+02 4.3483e-01
5.1700e+02 4.2471e-01
5.1800e+02 4.4452e-01
5.1900e+02 4.3708e-01
5.2000e+02 4.2088e-01
5.2100e+02 4.3496e-01
5.2200e+02 4.6605e-01
5.2300e+02 4.5731e-01
5.2400e+02 4.4863e-01
5.2500e+02 4.6002e-01
5.2600e+02 4.5894e-01
5.2700e+02 4.5812e-01
5.2800e+02 4.3845e-01
5.2900e+02 4.5469e-01
5.3000e+02 4.4888e-01
5.3100e+02 4.5896e-01
5.3200e+02 4.5597e-01
5.3300e+02 4.6688e-01
5.3400e+02 4.9235e-01
5.3500e+02 4.9430e-01
5.3600e+02 4.5660e-01
5.3700e+02 4.7209e-01
5.3800e+02 4.7591e-01
5.3900e+02 5.1334e-01
5.4000e+02 4.7095e-01
5.4100e+02 5.1301e-01
5.4200e+02 4.8412e-01
5.4300e+02 5.1751e-01
5.4400e+02 4.8862e-01
5.4500e+02 5.4015e-01
5.4600e+02 4.9919e-01
5.4700e+02 5.0267e-01
5.4800e+02 4.9660e-01
5.4900e+02 5.2619e-01
5.5000e+02 5.3091e-01
5.5100e+02 5.2094e-01
5.5200e+02 5.2626e-01
5.5300e+02 5.3928e-01
5.5400e+02 5.6404e-01
5.5500e+02 5.4434e-01
5.5600e+02 5.5941e-01
5.5700e+02 5.5166e-01
5.5800e+02 5.5276e-01
5.5900e+02 5.5408e-01
5.6000e+02 6.1426e-01
5.6100e+02 5.6813e-01
5.6200e+02 5.3541e-01
5.6300e+02 5.6754e-01
5.6400e+02 5.6319e-01
5.6500e+02 5.7926e-01
5.6600e+02 6.4078e-01
5.6700e+02 5.7752e-01
5.6800e+02 5.6072e-01
5.6900e+02 5.8617e-01
5.7000e+02 5.7381e-01
5.7100e+02 5.8912e-01
5.7200e+02 5.9599e-01
5.7300e+02 5.7951e-01
5.7400e+02 5.9268e-01
5.7500e+02 6.1317e-01
5.7600e+02 5.8269e-01
5.7700e+02 5.9908e-01
5.7800e+02 6.1259e-01
5.7900e+02 6.1454e-01
5.8000e+02 6.0730e-01
5.8100e+02 6.2175e-01
5.8200e+02 6.1627e-01
5.8300e+02 6.2495e-01
5.8400e+02 6.2836e-01
5.8500e+02 6.1653e-01
5.8600e+02 6.1308e-01
5.8700e+02 6.3982e-01
5.8800e+02 6.1382e-01
5.8900e+02 6.4621e-01
5.9000e+02 6.4743e-01
5.9100e+02 6.3839e-01
5.9200e+02 6.1784e-01
5.9300e+02 6.3392e-01
5.9400e+02 6.2377e-01
5.9500e+02 6.6006e-01
5.9600e+02 6.5923e-01
5.9700e+02 6.4064e-01
5.9800e+02 6.5893e-01
5.9900e+02 6.7350e-01
6.0000e+02 6.3697e-01
6.0100e+02 6.8841e-01
6.0200e+02 6.7513e-01
6.0300e+02 6.9691e-01
6.0400e+02 6.9387e-01
6.0500e+02 6.8752e-01
6.0600e+02 7.0146e-01
6.0700e+02 7.0299e-01
6.0800e+02 7.0376e-01
6.0900e+02 7.0901e-01
6.1000e+02 6.9792e-01
6.1100e+02 7.1826e-01
6.1200e+02 7.2525e-01
6.1300e+02 7.2321e-01
6.1400e+02 7.0132e-01
6.1500e+02 7.4094e-01
6.1600e+02 7.3985e-01
6.1700e+02 7.2680e-01
6.1800e+02 7.1929e-01
6.1900e+02 7.6417e-01
6.2000e+02 7.3190e-01
6.2100e+02 7.4974e-01
6.2200e+02 7.1693e-01
6.2300e+02 7.3657e-01
6.2400e+02 7.1981e-01
6.2500e+02 7.1571e-01
6.2600e+02 7.3832e-01
6.2700e+02 7.4171e-01
6.2800e+02 7.4726e-01
6.2900e+02 7.3587e-01
6.3000e+02 7.5600e-01
6.3100e+02 7.7690e-01
6.3200e+02 7.7224e-01
6.3300e+02 7.6587e-01
6.3400e+02 8.2259e-01
6.3500e+02 7.9422e-01
6.3600e+02 7.6128e-01
6.3700e+02 7.8972e-01
6.3800e+02 7.6288e-01
6.3900e+02 7.6217e-01
6.4000e+02 7.9366e-01
6.4100e+02 7.7197e-01
6.4200e+02 7.7777e-01
6.4300e+02 7.7111e-01
6.4400e+02 7.9859e-01
6.4500e+02 8.1571e-01
6.4600e+02 8.1618e-01
6.4700e+02 8.0333e-01
6.4800e+02 7.9694e-01
6.4900e+02 7.9530e-01
6.5000e+02 7.8916e-01
6.5100e+02 8.0051e-01
6.5200e+02 8.1365e-01
6.5300e+02 8.1281e-01
6.5400e+02 8.4045e-01
6.5500e+02 8.7115e-01
6.5600e+02 8.5140e-01
6.5700e+02 8.6713e-01
6.5800e+02 8.9244e-01
6.5900e+02 8.4112e-01
6.6000e+02 8.7585e-01
6.6100e+02 8.5739e-01
6.6200e+02 9.0193e-01
6.6300e+02 8.7177e-01
6.6400e+02 8.4716e-01
6.6500e+02 8.7856e-01
6.6600e+02 8.7851e-01
6.6700e+02 8.5012e-01
6.6800e+02 8.4723e-01
6.6900e+02 8.2948e-01
6.7000e+02 8.7297e-01
6.7100e+02 8.9100e-01
6.7200e+02 8.5243e-01
6.7300e+02 8.7441e-01
6.7400e+02 8.8523e-01
6.7500e+02 8.8843e-01
6.7600e+02 9.0170e-01
6.7700e+02 9.5506e-01
6.7800e+02 9.0440e-01
6.7900e+02 9.4197e-01
6.8000e+02 8.7988e-01
6.8100e+02 9.5740e-01
6.8200e+02 9.0718e-01
6.8300e+02 9.4609e-01
6.8400e+02 9.3135e-01
6.8500e+02 9.7203e-01
6.8600e+02 9.4474e-01
6.8700e+02 1.0443e+00
6.8800e+02 9.1731e-01
6.8900e+02 9.1921e-01
6.9000e+02 9.5348e-01
6.9100e+02 9.1426e-01
6.9200e+02 9.4762e-01
6.9300e+02 9.5335e-01
6.9400e+02 9.4485e-01
6.9500e+02 9.4947e-01
6.9600e+02 9.1558e-01
6.9700e+02 9.5782e-01
6.9800e+02 9.6044e-01
6.9900e+02 9.5658e-01
7.0000e+02 9.4572e-01
7.0100e+02 9.7733e-01
7.0200e+02 9.8960e-01
7.0300e+02 1.0668e+00
7.0400e+02 9.7989e-01
7.0500e+02 1.0645e+00
7.0600e+02 1.0325e+00
7.0700e+02 9.7605e-01
7.0800e+02 1.0402e+00
7.0900e+02 1.0547e+00
7.1000e+02 1.0256e+00
7.1100e+02 1.0686e+00
7.1200e+02 1.0065e+00
7.1300e+02 1.0256e+00
7.1400e+02 1.0191e+00
7.1500e+02 1.0325e+00
7.1600e+02 1.0037e+00
7.1700e+02 1.0378e+00
7.1800e+02 1.0214e+00
7.1900e+02 1.0446e+00
7.2000e+02 9.9562e-01
7.2100e+02 1.0209e+00
7.2200e+02 1.0529e+00
7.2300e+02 1.0667e+00
7.2400e+02 1.0684e+00
7.2500e+02 1.0568e+00
7.2600e+02 1.0352e+00
7.2700e+02 1.0927e+00
7.2800e+02 1.0666e+00
7.2900e+02 1.1059e+00
7.3000e+02 1.1463e+00
7.3100e+02 1.1065e+00
7.3200e+02 1.0926e+00
7.3300e+02 1.1250e+00
7.3400e+02 1.0998e+00
7.3500e+02 1.0657e+00
7.3600e+02 1.1056e+00
7.3700e+02 1.1458e+00
7.3800e+02 1.1129e+00
7.3900e+02 1.0651e+00
7.4000e+02 1.1143e+00
7.4100e+02 1.1450e+00
7.4200e+02 1.1186e+00
7.4300e+02 1.1368e+00
7.4400e+02 1.1014e+00
7.4500e+02 1.1596e+00
7.4600e+02 1.1006e+00
7.4700e+02 1.1748e+00
7.4800e+02 1.1324e+00
7.4900e+02 1.1778e+00
7.5000e+02 1.1797e+00
7.5100e+02 1.2536e+00
7.5200e+02 1.1478e+00
7.5300e+02 1.2040e+00
7.5400e+02 1.1941e+00
7.5500e+02 1.1927e+00
7.5600e+02 1.1998e+00
7.5700e+02 1.2144e+00
7.5800e+02 1.2500e+00
7.5900e+02 1.1817e+00
7.6000e+02 1.1764e+00
7.6100e+02 1.2131e+00
7.6200e+02 1.2039e+00
7.6300e+02 1.1598e+00
7.6400e+02 1.1896e+00
7.6500e+02 1.1912e+00
7.6600e+02 1.1923e+00
7.6700e+02 1.2067e+00
7.6800e+02 1.2431e+00
7.6900e+02 1.2779e+00
7.7000e+02 1.2519e+00
7.7100e+02 1.2918e+00
7.7200e+02 1.2536e+00
7.7300e+02 1.2680e+00
7.7400e+02 1.2219e+00
7.7500e+02 1.2948e+00
7.7600e+02 1.2305e+00
7.7700e+02 1.2292e+00
7.7800e+02 1.2678e+00
7.7900e+02 1.2641e+00
7.8000e+02 1.2940e+00
7.8100e+02 1.2518e+00
7.8200e+02 1.2477e+00
7.8300e+02 1.3476e+00
7.8400e+02 1.2433e+00
7.8500e+02 1.2440e+00
7.8600e+02 1.2635e+00
7.8700e+02 1.2983e+00
7.8800e+02 1.2883e+00
7.8900e+02 1.2722e+00
7.9000e+02 1.2983e+00
7.9100e+02 1.3571e+00
7.9200e+02 1.3003e+00
7.9300e+02 1.3667e+00
7.9400e+02 1.3053e+00
7.9500e+02 1.3473e+00
7.9600e+02 1.2957e+00
7.9700e+02 1.3219e+00
7.9800e+02 1.2725e+00
7.9900e+02 1.3334e+00
8.0000e+02 1.3475e+00
8.0100e+02 1.3279e+00
8.0200e+02 1.3251e+00
8.0300e+02 1.3438e+00
8.0400e+02 1.3721e+00
8.0500e+02 1.3282e+00
8.0600e+02 1.3838e+00
8.0700e+02 1.3834e+00
8.0800e+02 1.3164e+00
8.0900e+02 1.3925e+00
8.1000e+02 1.3871e+00
8.1100e+02 1.4127e+00
8.1200e+02 1.3861e+00
8.1300e+02 1.4583e+00
8.1400e+02 1.4121e+00
8.1500e+02 1.4629e+00
8.1600e+02 1.4300e+00
8.1700e+02 1.4571e+00
8.1800e+02 1.4297e+00
8.1900e+02 1.3399e+00
8.2000e+02 1.4524e+00
8.2100e+02 1.3752e+00
8.2200e+02 1.4610e+00
8.2300e+02 1.4640e+00
8.2400e+02 1.4759e+00
8.2500e+02 1.4683e+00
8.2600e+02 1.5111e+00
8.2700e+02 1.4805e+00
8.2800e+02 1.4638e+00
8.2900e+02 1.4998e+00
8.3000e+02 1.4352e+00
8.3100e+02 1.5092e+00
8.3200e+02 1.4991e+00
8.3300e+02 1.5145e+00
8.3400e+02 1.5042e+00
8.3500e+02 1.5107e+00
8.3600e+02 1.4782e+00
8.3700e+02 1.5237e+00
8.3800e+02 1.4723e+00
8.3900e+02 1.5944e+00
8.4000e+02 1.4965e+00
8.4100e+02 1.4917e+00
8.4200e+02 1.5988e+00
8.4300e+02 1.4694e+00
8.4400e+02 1.5195e+00
8.4500e+02 1.5221e+00
8.4600e+02 1.5322e+00
8.4700e+02 1.5541e+00
8.4800e+02 1.5179e+00
8.4900e+02 1.5815e+00
8.5000e+02 1.5418e+00
8.5100e+02 1.5328e+00
8.5200e+02 1.5680e+00
8.5300e+02 1.6144e+00
8.5400e+02 1.5173e+00
8.5500e+02 1.6137e+00
8.5600e+02 1.5023e+00
8.5700e+02 1.5744e+00
8.5800e+02 1.5673e+00
8.5900e+02 1.5995e+00
8.6000e+02 1.6347e+00
8.6100e+02 1.6245e+00
8.6200e+02 1.5736e+00
8.6300e+02 1.6089e+00
8.6400e+02 1.6022e+00
8.6500e+02 1.5943e+00
8.6600e+02 1.5347e+00
8.6700e+02 1.6348e+00
8.6800e+02 1.6510e+00
8.6900e+02 1.6957e+00
8.7000e+02 1.6897e+00
8.7100e+02 1.6435e+00
8.7200e+02 1.6428e+00
8.7300e+02 1.6855e+00
8.7400e+02 1.6471e+00
8.7500e+02 1.6779e+00
8.7600e+02 1.6038e+00
8.7700e+02 1.6509e+00
8.7800e+02 1.6760e+00
8.7900e+02 1.6410e+00
8.8000e+02 1.6814e+00
8.8100e+02 1.6934e+00
8.8200e+02 1.6494e+00
8.8300e+02 1.6756e+00
8.8400e+02 1.6796e+00
8.8500e+02 1.6834e+00
8.8600e+02 1.6888e+00
8.8700e+02 1.7305e+00
8.8800e+02 1.7235e+00
8.8900e+02 1.7388e+00
8.9000e+02 1.7343e+00
8.9100e+02 1.7212e+00
8.9200e+02 1.7165e+00
8.9300e+02 1.7305e+00
8.9400e+02 1.7196e+00
8.9500e+02 1.8092e+00
8.9600e+02 1.7227e+00
8.9700e+02 1.8107e+00
8.9800e+02 1.8011e+00
8.9900e+02 1.7626e+00
9.0000e+02 1.7590e+00
9.0100e+02 1.7696e+00
9.0200e+02 1.7889e+00
9.0300e+02 1.8069e+00
9.0400e+02 1.7752e+00
9.0500e+02 1.7854e+00
9.0600e+02 1.7579e+00
9.0700e+02 1.8281e+00
9.0800e+02 1.8004e+00
9.0900e+02 1.8232e+00
9.1000e+02 1.7810e+00
9.1100e+02 1.8701e+00
9.1200e+02 1.8272e+00
9.1300e+02 1.7544e+00
9.1400e+02 1.8167e+00
9.1500e+02 1.7796e+00
9.1600e+02 1.8694e+00
9.1700e+02 1.7837e+00
9.1800e+02 1.8423e+00
9.1900e+02 1.8210e+00
9.2000e+02 1.8241e+00
9.2100e+02 1.9080e+00
9.2200e+02 1.8489e+00
9.2300e+02 1.9173e+00
9.2400e+02 1.9293e+00
9.2500e+02 1.8924e+00
9.2600e+02 1.8676e+00
9.2700e+02 1.9532e+00
9.2800e+02 1.8897e+00
9.2900e+02 1.8961e+00
9.3000e+02 1.9354e+00
9.3100e+02 1.9225e+00
9.3200e+02 1.8937e+00
9.3300e+02 1.9270e+00
9.3400e+02 1.9637e+00
9.3500e+02 1.9540e+00
9.3600e+02 1.9991e+00
9.3700e+02 1.9566e+00
9.3800e+02 1.9763e+00
9.3900e+02 1.9433e+00
9.4000e+02 1.9099e+00
9.4100e+02 1.9387e+00
9.4200e+02 2.0166e+00
9.4300e+02 2.0074e+00
9.4400e+02 1.9266e+00
9.4500e+02 2.0167e+00
9.4600e+02 1.9991e+00
9.4700e+02 1.9266e+00
9.4800e+02 2.0277e+00
9.4900e+02 1.9654e+00
9.5000e+02 2.1247e+00
9.5100e+02 2.0738e+00
9.5200e+02 2.0290e+00
9.5300e+02 2.0331e+00
9.5400e+02 1.9813e+00
9.5500e+02 2.0606e+00
9.5600e+02 2.0194e+00
9.5700e+02 2.0178e+00
9.5800e+02 2.0205e+00
9.5900e+02 2.0531e+00
9.6000e+02 2.0430e+00
9.6100e+02 1.9997e+00
9.6200e+02 2.0758e+00
9.6300e+02 1.9912e+00
9.6400e+02 2.0148e+00
9.6500e+02 2.0419e+00
9.6600e+02 2.0588e+00
9.6700e+02 2.0898e+00
9.6800e+02 2.0668e+00
9.6900e+02 2.0728e+00
9.7000e+02 2.1167e+00
9.7100e+02 2.0987e+00
9.7200e+02 2.0799e+00
9.7300e+02 2.1152e+00
9.7400e+02 2.0884e+00
9.7500e+02 2.1053e+00
9.7600e+02 2.0606e+00
9.7700e+02 2.1104e+00
9.7800e+02 2.1466e+00
9.7900e+02 2.1252e+00
9.8000e+02 2.1639e+00
9.8100e+02 2.0865e+00
9.8200e+02 2.1307e+00
9.8300e+02 2.1426e+00
9.8400e+02 2.1577e+00
9.8500e+02 2.1979e+00
9.8600e+02 2.1750e+00
9.8700e+02 2.1517e+00
9.8800e+02 2.2218e+00
9.8900e+02 2.1879e+00
9.9000e+02 2.1663e+00
9.9100e+02 2.2044e+00
9.9200e+02 2.2355e+00
9.9300e+02 2.2327e+00
9.9400e+02 2.1558e+00
9.9500e+02 2.2526e+00
9.9600e+02 2.2695e+00
9.9700e+02 2.1835e+00
9.9800e+02 2.2201e+00
9.9900e+02 2.2201e+00
1.0000e+03 2.2722e+00
1.0010e+03 2.1921e+00
1.0020e+03 2.2302e+00
1.0030e+03 2.2577e+00
1.0040e+03 2.2115e+00
1.0050e+03 2.2600e+00
1.0060e+03 2.2602e+00
1.0070e+03 2.2598e+00
1.0080e+03 2.3297e+00
1.0090e+03 2.2651e+00
1.0100e+03 2.3042e+00
1.0110e+03 2.2679e+00
1.0120e+03 2.3432e+00
1.0130e+03 2.3396e+00
1.0140e+03 2.3039e+00
1.0150e+03 2.3472e+00
1.0160e+03 2.2490e+00
1.0170e+03 2.2780e+00
1.0180e+03 2.3001e+00
1.0190e+03 2.3085e+00
1.0200e+03 2.3492e+00
1.0210e+03 2.3483e+00
1.0220e+03 2.3801e+00
1.0230e+03 2.3349e+00
1.0240e+03 2.3713e+00
1.0250e+03 2.4084e+00
1.0260e+03 2.3646e+00
1.0270e+03 2.3431e+00
1.0280e+03 2.3860e+00
1.0290e+03 2.3660e+00
1.0300e+03 2.3618e+00
1.0310e+03 2.4260e+00
1.0320e+03 2.4279e+00
1.0330e+03 2.4134e+00
1.0340e+03 2.3384e+00
1.0350e+03 2.4405e+00
1.0360e+03 2.5084e+00
1.0370e+03 2.4378e+00
1.0380e+03 2.4491e+00
1.0390e+03 2.3731e+00
1.0400e+03 2.5204e+00
1.0410e+03 2.4521e+00
1.0420e+03 2.4700e+00
1.0430e+03 2.4298e+00
1.0440e+03 2.4570e+00
1.0450e+03 2.4885e+00
1.0460e+03 2.4488e+00
1.0470e+03 2.5108e+00
1.0480e+03 2.4660e+00
1.0490e+03 2.4688e+00
1.0500e+03 2.4600e+00
1.0510e+03 2.4670e+00
1.0520e+03 2.4791e+00
1.0530e+03 2.4699e+00
1.0540e+03 2.5451e+00
1.0550e+03 2.5207e+00
1.0560e+03 2.7191e+00
1.0570e+03 2.5345e+00
1.0580e+03 2.5841e+00
1.0590e+03 2.4813e+00
1.0600e+03 2.5980e+00
1.0610e+03 2.5031e+00
1.0620e+03 2.5631e+00
1.0630e+03 2.5276e+00
1.0640e+03 2.5960e+00
1.0650e+03 2.5532e+00
1.0660e+03 2.5723e+00
1.0670e+03 2.5126e+00
1.0680e+03 2.6273e+00
1.0690e+03 2.5773e+00
1.0700e+03 2.5617e+00
1.0710e+03 2.5609e+00
1.0720e+03 2.5755e+00
1.0730e+03 2.5481e+00
1.0740e+03 2.6254e+00
1.0750e+03 2.5792e+00
1.0760e+03 2.6483e+00
1.0770e+03 2.6322e+00
1.0780e+03 2.6851e+00
1.0790e+03 2.6741e+00
1.0800e+03 2.6705e+00
1.0810e+03 2.7289e+00
1.0820e+03 2.7123e+00
1.0830e+03 2.6423e+00
1.0840e+03 2.7506e+00
1.0850e+03 2.7222e+00
1.0860e+03 2.6457e+00
1.0870e+03 2.6597e+00
1.0880e+03 2.7628e+00
1.0890e+03 2.6445e+00
1.0900e+03 2.6981e+00
1.0910e+03 2.7305e+00
1.0920e+03 2.7903e+00
1.0930e+03 2.7681e+00
1.0940e+03 2.7561e+00
1.0950e+03 2.7623e+00
1.0960e+03 2.7423e+00
1.0970e+03 2.7372e+00
1.0980e+03 2.7928e+00
1.0990e+03 2.7282e+00
1.1000e+03 2.8595e+00
1.1010e+03 2.7316e+00
1.1020e+03 2.7756e+00
1.1030e+03 2.7733e+00
1.1040e+03 2.8329e+00
1.1050e+03 2.7583e+00
1.1060e+03 2.8504e+00
1.1070e+03 2.7588e+00
1.1080e+03 2.8298e+00
1.1090e+03 2.7726e+00
1.1100e+03 2.8100e+00
1.1110e+03 2.8115e+00
1.1120e+03 2.8706e+00
1.1130e+03 2.8421e+00
1.1140e+03 2.9313e+00
1.1150e+03 2.8426e+00
1.1160e+03 2.8646e+00
1.1170e+03 2.8006e+00
1.1180e+03 2.9201e+00
1.1190e+03 2.8297e+00
1.1200e+03 2.8933e+00
1.1210e+03 2.8556e+00
1.1220e+03 2.8977e+00
1.1230e+03 2.9217e+00
1.1240e+03 2.9877e+00
1.1250e+03 2.9509e+00
1.1260e+03 2.9278e+00
1.1270e+03 2.8913e+00
1.1280e+03 2.9463e+00
1.1290e+03 2.9626e+00
1.1300e+03 2.9498e+00
1.1310e+03 2.9701e+00
1.1320e+03 3.0498e+00
1.1330e+03 3.0190e+00
1.1340e+03 3.1222e+00
1.1350e+03 3.0227e+00
1.1360e+03 3.0356e+00
1.1370e+03 3.0149e+00
1.1380e+03 3.0564e+00
1.1390e+03 2.9975e+00
1.1400e+03 3.1082e+00
1.1410e+03 3.1196e+00
1.1420e+03 3.0991e+00
1.1430e+03 3.0792e+00
1.1440e+03 3.0909e+00
1.1450e+03 3.1452e+00
1.1460e+03 3.1426e+00
1.1470e+03 3.1822e+00
1.1480e+03 3.0767e+00
1.1490e+03 3.0289e+00
1.1500e+03 3.1329e+00
1.1510e+03 3.1593e+00
1.1520e+03 3.0961e+00
1.1530e+03 3.1796e+00
1.1540e+03 3.2004e+00
1.1550e+03 3.1815e+00
1.1560e+03 3.1799e+00
1.1570e+03 3.1323e+00
1.1580e+03 3.1850e+00
1.1590e+03 3.2253e+00
1.1600e+03 3.1656e+00
1.1610e+03 3.1860e+00
1.1620e+03 3.1570e+00
1.1630e+03 3.2770e+00
1.1640e+03 3.1926e+00
1.1650e+03 3.1630e+00
1.1660e+03 3.2172e+00
1.1670e+03 3.2404e+00
1.1680e+03 3.1567e+00
1.1690e+03 3.2548e+00
1.1700e+03 3.2396e+00
1.1710e+03 3.2282e+00
1.1720e+03 3.2331e+00
1.1730e+03 3.2586e+00
1.1740e+03 3.3620e+00
1.1750e+03 3.2619e+00
1.1760e+03 3.2728e+00
1.1770e+03 3.3448e+00
1.1780e+03 3.2298e+00
1.1790e+03 3.3005e+00
1.1800e+03 3.2922e+00
1.1810e+03 3.3481e+00
1.1820e+03 3.4027e+00
1.1830e+03 3.3149e+00
1.1840e+03 3.3063e+00
1.1850e+03 3.4060e+00
1.1860e+03 3.3677e+00
1.1870e+03 3.3992e+00
1.1880e+03 3.3158e+00
1.1890e+03 3.4046e+00
1.1900e+03 3.3881e+00
1.1910e+03 3.4792e+00
1.1920e+03 3.4285e+00
1.1930e+03 3.5167e+00
1.1940e+03 3.4351e+00
1.1950e+03 3.5402e+00
1.1960e+03 3.4390e+00
1.1970e+03 3.5716e+00
1.1980e+03 3.4243e+00
1.1990e+03 3.4781e+00
1.2000e+03 3.5435e+00
1.2010e+03 3.5134e+00
1.2020e+03 3.5438e+00
1.2030e+03 3.6755e+00
1.2040e+03 3.5547e+00
1.2050e+03 3.6161e+00
1.2060e+03 3.4579e+00
1.2070e+03 3.5815e+00
1.2080e+03 3.5965e+00
1.2090e+03 3.5567e+00
1.2100e+03 3.6264e+00
1.2110e+03 3.5800e+00
1.2120e+03 3.6365e+00
1.2130e+03 3.7542e+00
1.2140e+03 3.7063e+00
1.2150e+03 3.6125e+00
1.2160e+03 3.6021e+00
1.2170e+03 3.6819e+00
1.2180e+03 3.6890e+00
1.2190e+03 3.6073e+00
1.2200e+03 3.6813e+00
1.2210e+03 3.7506e+00
1.2220e+03 3.8771e+00
1.2230e+03 3.8585e+00
1.2240e+03 4.3038e+00
1.2250e+03 3.5558e+00
1.2260e+03 3.5671e+00
1.2270e+03 3.5528e+00
1.2280e+03 3.4870e+00
1.2290e+03 3.4458e+00
1.2300e+03 3.5245e+00
1.2310e+03 3.4583e+00
1.2320e+03 3.5105e+00
1.2330e+03 3.4640e+00
1.2340e+03 3.4970e+00
1.2350e+03 3.4087e+00
1.2360e+03 3.4751e+00
1.2370e+03 3.4562e+00
1.2380e+03 3.5102e+00
1.2390e+03 3.4678e+00
1.2400e+03 3.5630e+00
1.2410e+03 3.6317e+00
1.2420e+03 4.2141e+00
1.2430e+03 3.8998e+00
1.2440e+03 3.8591e+00
1.2450e+03 3.7832e+00
1.2460e+03 3.7569e+00
