2.0000e+00 1.0640e-03
2.0000e+00 1.0640e-03
3.0000e+00 9.7400e-04
4.0000e+00 1.0050e-03
5.0000e+00 1.1050e-03
6.0000e+00 9.8400e-04
7.0000e+00 1.0040e-03
8.0000e+00 9.8800e-04
9.0000e+00 1.1210e-03
1.0000e+01 1.0380e-03
1.1000e+01 1.8640e-03
1.2000e+01 1.3810e-03
1.3000e+01 1.1080e-03
1.4000e+01 1.0850e-03
1.5000e+01 1.3540e-03
1.6000e+01 1.2300e-03
1.7000e+01 1.1350e-03
1.8000e+01 1.2120e-03
1.9000e+01 1.5770e-03
2.0000e+01 1.3870e-03
2.1000e+01 1.4400e-03
2.2000e+01 1.2130e-03
2.3000e+01 1.2330e-03
2.4000e+01 1.2780e-03
2.5000e+01 1.1650e-03
2.6000e+01 1.2880e-03
2.7000e+01 1.5600e-03
2.8000e+01 1.3150e-03
2.9000e+01 1.1990e-03
3.0000e+01 1.2960e-03
3.1000e+01 1.3460e-03
3.2000e+01 1.2940e-03
3.3000e+01 2.5980e-03
3.4000e+01 1.8600e-03
3.5000e+01 1.7850e-03
3.6000e+01 1.6530e-03
3.7000e+01 1.6220e-03
3.8000e+01 1.8210e-03
3.9000e+01 1.6860e-03
4.0000e+01 1.4830e-03
4.1000e+01 1.6590e-03
4.2000e+01 1.5960e-03
4.3000e+01 1.5220e-03
4.4000e+01 1.9140e-03
4.5000e+01 1.6310e-03
4.6000e+01 1.7150e-03
4.7000e+01 1.9690e-03
4.8000e+01 1.6970e-03
4.9000e+01 1.9500e-03
5.0000e+01 1.7920e-03
5.1000e+01 1.9010e-03
5.2000e+01 2.0090e-03
5.3000e+01 2.0540e-03
5.4000e+01 2.2450e-03
5.5000e+01 1.9050e-03
5.6000e+01 1.9620e-03
5.7000e+01 1.8570e-03
5.8000e+01 2.0480e-03
5.9000e+01 2.3490e-03
6.0000e+01 2.3620e-03
6.1000e+01 2.4220e-03
6.2000e+01 2.2150e-03
6.3000e+01 2.3090e-03
6.4000e+01 2.3270e-03
6.5000e+01 2.4600e-03
6.6000e+01 2.4660e-03
6.7000e+01 2.3010e-03
6.8000e+01 2.4590e-03
6.9000e+01 2.5090e-03
7.0000e+01 2.3920e-03
7.1000e+01 2.5430e-03
7.2000e+01 2.8170e-03
7.3000e+01 2.7480e-03
7.4000e+01 2.6420e-03
7.5000e+01 2.9750e-03
7.6000e+01 2.6770e-03
7.7000e+01 2.7250e-03
7.8000e+01 2.8870e-03
7.9000e+01 3.0220e-03
8.0000e+01 2.9230e-03
8.1000e+01 2.9310e-03
8.2000e+01 2.8450e-03
8.3000e+01 3.0090e-03
8.4000e+01 2.7760e-03
8.5000e+01 3.0360e-03
8.6000e+01 2.8090e-03
8.7000e+01 3.2550e-03
8.8000e+01 3.0900e-03
8.9000e+01 3.1510e-03
9.0000e+01 3.2390e-03
9.1000e+01 3.2400e-03
9.2000e+01 3.2850e-03
9.3000e+01 3.6690e-03
9.4000e+01 3.3210e-03
9.5000e+01 3.4460e-03
9.6000e+01 3.1160e-03
9.7000e+01 4.2120e-03
9.8000e+01 3.5010e-03
9.9000e+01 3.8010e-03
1.0000e+02 3.6630e-03
1.0100e+02 3.8570e-03
