2.0000e+00 1.4311e-02
2.0000e+00 1.4311e-02
3.0000e+00 9.3670e-03
4.0000e+00 2.4341e-02
5.0000e+00 1.2743e-02
6.0000e+00 1.0056e-02
7.0000e+00 1.2618e-02
8.0000e+00 9.9310e-03
9.0000e+00 1.0357e-02
1.0000e+01 1.2313e-02
1.1000e+01 1.0267e-02
1.2000e+01 1.1429e-02
1.3000e+01 9.8530e-03
1.4000e+01 1.5284e-02
1.5000e+01 1.1262e-02
1.6000e+01 1.0471e-02
1.7000e+01 1.0769e-02
1.8000e+01 1.1150e-02
1.9000e+01 1.2530e-02
2.0000e+01 1.1246e-02
2.1000e+01 1.2146e-02
2.2000e+01 1.4601e-02
2.3000e+01 1.0283e-02
2.4000e+01 1.0467e-02
2.5000e+01 1.0998e-02
2.6000e+01 1.0606e-02
2.7000e+01 1.0887e-02
2.8000e+01 1.3995e-02
2.9000e+01 1.1268e-02
3.0000e+01 1.0368e-02
3.1000e+01 1.1015e-02
3.2000e+01 1.5495e-02
3.3000e+01 1.1691e-02
3.4000e+01 1.1403e-02
3.5000e+01 1.1960e-02
3.6000e+01 1.2294e-02
3.7000e+01 1.1732e-02
3.8000e+01 1.2372e-02
3.9000e+01 1.3260e-02
4.0000e+01 1.1565e-02
4.1000e+01 1.1616e-02
4.2000e+01 1.4820e-02
4.3000e+01 1.1262e-02
4.4000e+01 1.4922e-02
4.5000e+01 1.6193e-02
4.6000e+01 1.2210e-02
4.7000e+01 1.1953e-02
4.8000e+01 1.4811e-02
4.9000e+01 1.3261e-02
5.0000e+01 1.2582e-02
5.1000e+01 1.2866e-02
5.2000e+01 1.3690e-02
5.3000e+01 1.2850e-02
5.4000e+01 1.4173e-02
5.5000e+01 1.2821e-02
5.6000e+01 1.3643e-02
5.7000e+01 1.3300e-02
5.8000e+01 1.4860e-02
5.9000e+01 1.3395e-02
6.0000e+01 1.3411e-02
6.1000e+01 1.3779e-02
6.2000e+01 1.5777e-02
6.3000e+01 1.5064e-02
6.4000e+01 1.4090e-02
6.5000e+01 1.5168e-02
6.6000e+01 1.4349e-02
6.7000e+01 1.5091e-02
6.8000e+01 1.5054e-02
6.9000e+01 1.5012e-02
7.0000e+01 1.5496e-02
7.1000e+01 1.5871e-02
7.2000e+01 1.5030e-02
7.3000e+01 1.7704e-02
7.4000e+01 1.6083e-02
7.5000e+01 1.5361e-02
7.6000e+01 1.6155e-02
7.7000e+01 1.6936e-02
7.8000e+01 1.8333e-02
7.9000e+01 1.9228e-02
8.0000e+01 1.6322e-02
8.1000e+01 1.9375e-02
8.2000e+01 1.5315e-02
8.3000e+01 1.6916e-02
8.4000e+01 1.6325e-02
8.5000e+01 1.7217e-02
8.6000e+01 1.6751e-02
8.7000e+01 1.7286e-02
8.8000e+01 1.6339e-02
8.9000e+01 1.8368e-02
9.0000e+01 2.0132e-02
9.1000e+01 1.7948e-02
9.2000e+01 1.7701e-02
9.3000e+01 1.7666e-02
9.4000e+01 1.8122e-02
9.5000e+01 1.7125e-02
9.6000e+01 1.7163e-02
9.7000e+01 1.9715e-02
9.8000e+01 1.7302e-02
9.9000e+01 1.7828e-02
1.0000e+02 1.8299e-02
1.0100e+02 1.8688e-02
1.0200e+02 1.8791e-02
1.0300e+02 2.1339e-02
1.0400e+02 1.8485e-02
1.0500e+02 2.2078e-02
1.0600e+02 2.2457e-02
1.0700e+02 2.2624e-02
1.0800e+02 2.1172e-02
1.0900e+02 1.9511e-02
1.1000e+02 2.1693e-02
1.1100e+02 1.9178e-02
1.1200e+02 2.1364e-02
1.1300e+02 1.9362e-02
1.1400e+02 2.0046e-02
1.1500e+02 2.0577e-02
1.1600e+02 2.0762e-02
1.1700e+02 2.5427e-02
1.1800e+02 2.1604e-02
1.1900e+02 2.2038e-02
1.2000e+02 2.2896e-02
1.2100e+02 2.4371e-02
1.2200e+02 2.4399e-02
1.2300e+02 2.2637e-02
1.2400e+02 2.1564e-02
1.2500e+02 2.4161e-02
1.2600e+02 2.2317e-02
1.2700e+02 2.5571e-02
1.2800e+02 2.6875e-02
1.2900e+02 3.1150e-02
1.3000e+02 3.0650e-02
1.3100e+02 2.6352e-02
1.3200e+02 2.7426e-02
1.3300e+02 2.8977e-02
1.3400e+02 2.6016e-02
1.3500e+02 2.7938e-02
1.3600e+02 2.6918e-02
1.3700e+02 3.2106e-02
1.3800e+02 2.7692e-02
1.3900e+02 3.0870e-02
1.4000e+02 3.0494e-02
1.4100e+02 2.7960e-02
1.4200e+02 2.8229e-02
1.4300e+02 3.0111e-02
1.4400e+02 2.8351e-02
1.4500e+02 3.1500e-02
1.4600e+02 2.8116e-02
1.4700e+02 3.3674e-02
1.4800e+02 2.9113e-02
1.4900e+02 2.9301e-02
1.5000e+02 3.1799e-02
1.5100e+02 2.9861e-02
1.5200e+02 3.2018e-02
1.5300e+02 3.0982e-02
1.5400e+02 3.0086e-02
1.5500e+02 3.1005e-02
1.5600e+02 3.0493e-02
1.5700e+02 3.1505e-02
1.5800e+02 3.2295e-02
1.5900e+02 3.1742e-02
1.6000e+02 3.3579e-02
1.6100e+02 3.2051e-02
1.6200e+02 3.1192e-02
1.6300e+02 3.2911e-02
1.6400e+02 3.8583e-02
1.6500e+02 3.3708e-02
1.6600e+02 3.2739e-02
1.6700e+02 3.3803e-02
1.6800e+02 3.2916e-02
1.6900e+02 3.4211e-02
1.7000e+02 3.2938e-02
1.7100e+02 3.5848e-02
1.7200e+02 3.4900e-02
1.7300e+02 3.7633e-02
1.7400e+02 3.6716e-02
1.7500e+02 3.7370e-02
1.7600e+02 3.9467e-02
1.7700e+02 3.6796e-02
1.7800e+02 3.9863e-02
1.7900e+02 4.3163e-02
1.8000e+02 3.7438e-02
1.8100e+02 3.7034e-02
1.8200e+02 4.0431e-02
1.8300e+02 4.0975e-02
1.8400e+02 3.6659e-02
1.8500e+02 3.7826e-02
1.8600e+02 3.8030e-02
1.8700e+02 4.1866e-02
1.8800e+02 3.7746e-02
1.8900e+02 3.9952e-02
1.9000e+02 3.7822e-02
1.9100e+02 4.0914e-02
1.9200e+02 4.2475e-02
1.9300e+02 4.5372e-02
1.9400e+02 4.0422e-02
1.9500e+02 4.0747e-02
1.9600e+02 4.0617e-02
1.9700e+02 4.4064e-02
1.9800e+02 4.6026e-02
1.9900e+02 4.3644e-02
2.0000e+02 4.7072e-02
2.0100e+02 4.2820e-02
2.0200e+02 4.5706e-02
2.0300e+02 4.3671e-02
2.0400e+02 4.2238e-02
2.0500e+02 4.6469e-02
2.0600e+02 4.2498e-02
2.0700e+02 4.4519e-02
2.0800e+02 4.4315e-02
2.0900e+02 4.7654e-02
2.1000e+02 4.4528e-02
2.1100e+02 4.4576e-02
2.1200e+02 4.6195e-02
2.1300e+02 4.7909e-02
2.1400e+02 4.7127e-02
2.1500e+02 4.6352e-02
2.1600e+02 5.0429e-02
2.1700e+02 5.3009e-02
2.1800e+02 4.6458e-02
2.1900e+02 5.1357e-02
2.2000e+02 4.9667e-02
2.2100e+02 4.9201e-02
2.2200e+02 5.5349e-02
2.2300e+02 4.8453e-02
2.2400e+02 4.8488e-02
2.2500e+02 5.2071e-02
2.2600e+02 5.4428e-02
2.2700e+02 5.0221e-02
2.2800e+02 5.3250e-02
2.2900e+02 5.0557e-02
2.3000e+02 5.4260e-02
2.3100e+02 5.2129e-02
2.3200e+02 4.9984e-02
2.3300e+02 5.4247e-02
2.3400e+02 5.2768e-02
2.3500e+02 5.3653e-02
2.3600e+02 5.2476e-02
2.3700e+02 5.4481e-02
2.3800e+02 5.5402e-02
2.3900e+02 5.4780e-02
2.4000e+02 5.1463e-02
2.4100e+02 7.7140e-02
2.4200e+02 8.0975e-02
2.4300e+02 9.0976e-02
2.4400e+02 7.1910e-02
2.4500e+02 6.6798e-02
2.4600e+02 5.9834e-02
2.4700e+02 6.2798e-02
2.4800e+02 5.6725e-02
2.4900e+02 6.1823e-02
2.5000e+02 6.1442e-02
2.5100e+02 6.7113e-02
2.5200e+02 5.8583e-02
2.5300e+02 6.0467e-02
2.5400e+02 6.5747e-02
2.5500e+02 6.0959e-02
2.5600e+02 5.8063e-02
2.5700e+02 1.1330e-01
2.5800e+02 1.0714e-01
2.5900e+02 1.0971e-01
2.6000e+02 1.0550e-01
2.6100e+02 1.2549e-01
2.6200e+02 1.0760e-01
2.6300e+02 1.0838e-01
2.6400e+02 1.1214e-01
2.6500e+02 1.1163e-01
2.6600e+02 1.2039e-01
2.6700e+02 1.0924e-01
2.6800e+02 1.1189e-01
2.6900e+02 1.1254e-01
2.7000e+02 1.3829e-01
2.7100e+02 1.2137e-01
2.7200e+02 1.1440e-01
2.7300e+02 1.1197e-01
2.7400e+02 1.5474e-01
2.7500e+02 1.6748e-01
2.7600e+02 1.5280e-01
2.7700e+02 1.5683e-01
2.7800e+02 1.3024e-01
2.7900e+02 1.2572e-01
2.8000e+02 1.2512e-01
2.8100e+02 1.2790e-01
2.8200e+02 1.3563e-01
2.8300e+02 1.2517e-01
2.8400e+02 1.2805e-01
2.8500e+02 1.3170e-01
2.8600e+02 1.4314e-01
2.8700e+02 1.2045e-01
2.8800e+02 1.2379e-01
2.8900e+02 1.3097e-01
2.9000e+02 1.3304e-01
2.9100e+02 1.3010e-01
2.9200e+02 1.2536e-01
2.9300e+02 1.3800e-01
2.9400e+02 1.4554e-01
2.9500e+02 1.5945e-01
2.9600e+02 1.6651e-01
2.9700e+02 1.6899e-01
2.9800e+02 1.6141e-01
2.9900e+02 1.4869e-01
3.0000e+02 1.5148e-01
3.0100e+02 1.4187e-01
3.0200e+02 1.4781e-01
3.0300e+02 1.3408e-01
3.0400e+02 1.4125e-01
3.0500e+02 1.5434e-01
3.0600e+02 1.5333e-01
3.0700e+02 1.3488e-01
3.0800e+02 1.5107e-01
3.0900e+02 1.4190e-01
3.1000e+02 1.3922e-01
3.1100e+02 1.4324e-01
3.1200e+02 1.4331e-01
3.1300e+02 1.8135e-01
3.1400e+02 1.3882e-01
3.1500e+02 1.5510e-01
3.1600e+02 1.4423e-01
3.1700e+02 1.5363e-01
3.1800e+02 1.5206e-01
3.1900e+02 1.4639e-01
3.2000e+02 1.4620e-01
3.2100e+02 1.6866e-01
3.2200e+02 1.5322e-01
3.2300e+02 1.6597e-01
3.2400e+02 1.4333e-01
3.2500e+02 1.6162e-01
3.2600e+02 1.4806e-01
3.2700e+02 1.4510e-01
3.2800e+02 1.5033e-01
3.2900e+02 1.6298e-01
3.3000e+02 1.5077e-01
3.3100e+02 1.5973e-01
3.3200e+02 1.5538e-01
3.3300e+02 1.7093e-01
3.3400e+02 1.5249e-01
3.3500e+02 1.5232e-01
3.3600e+02 1.5687e-01
3.3700e+02 1.7093e-01
3.3800e+02 1.6726e-01
3.3900e+02 1.5922e-01
3.4000e+02 1.6350e-01
3.4100e+02 1.6172e-01
3.4200e+02 1.8328e-01
3.4300e+02 1.6464e-01
3.4400e+02 1.5675e-01
3.4500e+02 1.6526e-01
3.4600e+02 1.7219e-01
3.4700e+02 1.6258e-01
3.4800e+02 1.7754e-01
3.4900e+02 1.6959e-01
3.5000e+02 1.7882e-01
3.5100e+02 1.7321e-01
3.5200e+02 1.6632e-01
3.5300e+02 1.8311e-01
3.5400e+02 1.7699e-01
3.5500e+02 1.8121e-01
3.5600e+02 1.7218e-01
3.5700e+02 1.8019e-01
3.5800e+02 1.8604e-01
3.5900e+02 1.7830e-01
3.6000e+02 1.7622e-01
3.6100e+02 1.9543e-01
3.6200e+02 1.7941e-01
3.6300e+02 1.8282e-01
3.6400e+02 1.7545e-01
3.6500e+02 1.9499e-01
3.6600e+02 1.8009e-01
3.6700e+02 1.9483e-01
3.6800e+02 1.8446e-01
3.6900e+02 2.0074e-01
3.7000e+02 1.9043e-01
3.7100e+02 1.8791e-01
3.7200e+02 1.8852e-01
3.7300e+02 2.1551e-01
3.7400e+02 1.9325e-01
3.7500e+02 2.3324e-01
3.7600e+02 1.8772e-01
3.7700e+02 2.1684e-01
3.7800e+02 1.9060e-01
3.7900e+02 1.9493e-01
3.8000e+02 2.1809e-01
3.8100e+02 1.9623e-01
3.8200e+02 1.9788e-01
3.8300e+02 2.0368e-01
3.8400e+02 2.1595e-01
3.8500e+02 2.0233e-01
3.8600e+02 2.1639e-01
3.8700e+02 2.0354e-01
3.8800e+02 2.1779e-01
3.8900e+02 2.0847e-01
3.9000e+02 2.0734e-01
3.9100e+02 2.2245e-01
3.9200e+02 2.0692e-01
3.9300e+02 2.0927e-01
3.9400e+02 2.2091e-01
3.9500e+02 2.2696e-01
3.9600e+02 2.0317e-01
3.9700e+02 2.4849e-01
3.9800e+02 2.9036e-01
3.9900e+02 2.9399e-01
4.0000e+02 2.9405e-01
4.0100e+02 2.2499e-01
4.0200e+02 2.2476e-01
4.0300e+02 2.2551e-01
4.0400e+02 2.2371e-01
4.0500e+02 3.1094e-01
4.0600e+02 2.4145e-01
4.0700e+02 2.4166e-01
4.0800e+02 2.2463e-01
4.0900e+02 2.3189e-01
4.1000e+02 2.5404e-01
4.1100e+02 2.8631e-01
4.1200e+02 2.2790e-01
4.1300e+02 2.7656e-01
4.1400e+02 2.3449e-01
4.1500e+02 2.3060e-01
4.1600e+02 2.3935e-01
4.1700e+02 3.2265e-01
4.1800e+02 2.3885e-01
4.1900e+02 2.5720e-01
4.2000e+02 2.3067e-01
4.2100e+02 2.3954e-01
4.2200e+02 2.4623e-01
4.2300e+02 2.4803e-01
4.2400e+02 2.3057e-01
4.2500e+02 2.5996e-01
4.2600e+02 2.4324e-01
4.2700e+02 2.4444e-01
4.2800e+02 2.7046e-01
4.2900e+02 2.4489e-01
4.3000e+02 2.5048e-01
4.3100e+02 2.6663e-01
4.3200e+02 2.4415e-01
4.3300e+02 2.5397e-01
4.3400e+02 2.4589e-01
4.3500e+02 2.6038e-01
4.3600e+02 2.5711e-01
4.3700e+02 2.5309e-01
4.3800e+02 2.6738e-01
4.3900e+02 2.7015e-01
4.4000e+02 2.4492e-01
4.4100e+02 2.7612e-01
4.4200e+02 2.6408e-01
4.4300e+02 2.6422e-01
4.4400e+02 2.6297e-01
4.4500e+02 2.6582e-01
4.4600e+02 2.9396e-01
4.4700e+02 2.7030e-01
4.4800e+02 2.5686e-01
4.4900e+02 2.6793e-01
4.5000e+02 2.8608e-01
4.5100e+02 2.9857e-01
4.5200e+02 2.6720e-01
4.5300e+02 2.8494e-01
4.5400e+02 2.8567e-01
4.5500e+02 3.0385e-01
4.5600e+02 2.7727e-01
4.5700e+02 2.8238e-01
4.5800e+02 3.0230e-01
4.5900e+02 2.9344e-01
4.6000e+02 2.8099e-01
4.6100e+02 3.1349e-01
4.6200e+02 3.0826e-01
4.6300e+02 2.9692e-01
4.6400e+02 3.0867e-01
4.6500e+02 3.1166e-01
4.6600e+02 3.0226e-01
4.6700e+02 3.2024e-01
4.6800e+02 2.9967e-01
4.6900e+02 3.0854e-01
4.7000e+02 3.2588e-01
4.7100e+02 3.0558e-01
4.7200e+02 3.3077e-01
4.7300e+02 3.3700e-01
4.7400e+02 3.1342e-01
4.7500e+02 3.4019e-01
4.7600e+02 3.2106e-01
4.7700e+02 3.2455e-01
4.7800e+02 3.4941e-01
4.7900e+02 3.2444e-01
4.8000e+02 3.6515e-01
4.8100e+02 3.5472e-01
4.8200e+02 3.4322e-01
4.8300e+02 3.5959e-01
4.8400e+02 3.4150e-01
4.8500e+02 3.4607e-01
4.8600e+02 3.5537e-01
4.8700e+02 3.4092e-01
4.8800e+02 3.3065e-01
4.8900e+02 3.4876e-01
4.9000e+02 3.5143e-01
4.9100e+02 3.9136e-01
4.9200e+02 3.5407e-01
4.9300e+02 3.5288e-01
4.9400e+02 3.6043e-01
4.9500e+02 3.6926e-01
4.9600e+02 3.8002e-01
4.9700e+02 3.7176e-01
4.9800e+02 3.6716e-01
4.9900e+02 3.9448e-01
5.0000e+02 3.8196e-01
5.0100e+02 3.9277e-01
5.0200e+02 3.8002e-01
5.0300e+02 3.9439e-01
5.0400e+02 3.9075e-01
5.0500e+02 4.0026e-01
5.0600e+02 4.1211e-01
5.0700e+02 4.0675e-01
5.0800e+02 4.1764e-01
5.0900e+02 4.1911e-01
5.1000e+02 4.1681e-01
5.1100e+02 4.0653e-01
5.1200e+02 4.5204e-01
5.1300e+02 4.0754e-01
5.1400e+02 4.0787e-01
5.1500e+02 4.4421e-01
5.1600e+02 4.2223e-01
5.1700e+02 4.5999e-01
5.1800e+02 4.1672e-01
5.1900e+02 4.5104e-01
5.2000e+02 4.1873e-01
5.2100e+02 4.6408e-01
5.2200e+02 4.3837e-01
5.2300e+02 4.7171e-01
5.2400e+02 4.4127e-01
5.2500e+02 4.8126e-01
5.2600e+02 4.4378e-01
5.2700e+02 4.8180e-01
5.2800e+02 4.4046e-01
5.2900e+02 4.8477e-01
5.3000e+02 4.4533e-01
5.3100e+02 4.7884e-01
5.3200e+02 4.7620e-01
5.3300e+02 4.9871e-01
5.3400e+02 4.8884e-01
5.3500e+02 4.8591e-01
5.3600e+02 4.8196e-01
5.3700e+02 4.8811e-01
5.3800e+02 4.9761e-01
5.3900e+02 4.7805e-01
5.4000e+02 4.9913e-01
5.4100e+02 4.9574e-01
5.4200e+02 5.0522e-01
5.4300e+02 4.9089e-01
5.4400e+02 5.0049e-01
5.4500e+02 4.9487e-01
5.4600e+02 5.2781e-01
5.4700e+02 5.0750e-01
5.4800e+02 5.0609e-01
5.4900e+02 5.0337e-01
5.5000e+02 5.2561e-01
5.5100e+02 5.2670e-01
5.5200e+02 4.9983e-01
5.5300e+02 5.6296e-01
5.5400e+02 5.1484e-01
5.5500e+02 5.5816e-01
5.5600e+02 5.2770e-01
5.5700e+02 5.5929e-01
5.5800e+02 5.2859e-01
5.5900e+02 5.7324e-01
5.6000e+02 5.3198e-01
5.6100e+02 5.6777e-01
5.6200e+02 5.4818e-01
5.6300e+02 5.4853e-01
5.6400e+02 5.6640e-01
5.6500e+02 5.6022e-01
5.6600e+02 5.6283e-01
5.6700e+02 5.5106e-01
5.6800e+02 5.6874e-01
5.6900e+02 5.8818e-01
5.7000e+02 5.7620e-01
5.7100e+02 5.9805e-01
5.7200e+02 5.8359e-01
5.7300e+02 5.9133e-01
5.7400e+02 6.0021e-01
5.7500e+02 5.8532e-01
5.7600e+02 5.8269e-01
5.7700e+02 6.0622e-01
5.7800e+02 5.8704e-01
5.7900e+02 6.9836e-01
5.8000e+02 6.3190e-01
5.8100e+02 5.8638e-01
5.8200e+02 6.1880e-01
5.8300e+02 6.2489e-01
5.8400e+02 5.9328e-01
5.8500e+02 6.3404e-01
5.8600e+02 6.1393e-01
5.8700e+02 6.4294e-01
5.8800e+02 6.2911e-01
5.8900e+02 6.4186e-01
5.9000e+02 6.5012e-01
5.9100e+02 6.4714e-01
5.9200e+02 6.3362e-01
5.9300e+02 6.3290e-01
5.9400e+02 6.5090e-01
5.9500e+02 6.5871e-01
5.9600e+02 6.3927e-01
5.9700e+02 6.5988e-01
5.9800e+02 6.6557e-01
5.9900e+02 6.7017e-01
6.0000e+02 6.8690e-01
6.0100e+02 6.6503e-01
6.0200e+02 6.6654e-01
6.0300e+02 6.9290e-01
6.0400e+02 6.5017e-01
6.0500e+02 7.1156e-01
6.0600e+02 6.7954e-01
6.0700e+02 6.9096e-01
6.0800e+02 6.7992e-01
6.0900e+02 7.1847e-01
6.1000e+02 6.7922e-01
6.1100e+02 7.1840e-01
6.1200e+02 7.1137e-01
6.1300e+02 7.1574e-01
6.1400e+02 7.0012e-01
6.1500e+02 7.3150e-01
6.1600e+02 7.2937e-01
6.1700e+02 9.1289e-01
6.1800e+02 6.9253e-01
6.1900e+02 7.3518e-01
6.2000e+02 7.4950e-01
6.2100e+02 7.1860e-01
6.2200e+02 7.1687e-01
6.2300e+02 7.5083e-01
6.2400e+02 7.2870e-01
6.2500e+02 7.5485e-01
6.2600e+02 7.4729e-01
6.2700e+02 7.6514e-01
6.2800e+02 7.4279e-01
6.2900e+02 7.6675e-01
6.3000e+02 7.6027e-01
6.3100e+02 7.7154e-01
6.3200e+02 7.5199e-01
6.3300e+02 7.6473e-01
6.3400e+02 7.6631e-01
6.3500e+02 8.0077e-01
6.3600e+02 7.7226e-01
6.3700e+02 7.7853e-01
6.3800e+02 7.6085e-01
6.3900e+02 7.8087e-01
6.4000e+02 8.1100e-01
6.4100e+02 7.7619e-01
6.4200e+02 7.7327e-01
6.4300e+02 7.8632e-01
6.4400e+02 8.0648e-01
6.4500e+02 8.1120e-01
6.4600e+02 7.9794e-01
6.4700e+02 8.5562e-01
6.4800e+02 7.8188e-01
6.4900e+02 8.0135e-01
6.5000e+02 8.0889e-01
6.5100e+02 8.2719e-01
6.5200e+02 8.2133e-01
6.5300e+02 8.3984e-01
6.5400e+02 8.2434e-01
6.5500e+02 8.3185e-01
6.5600e+02 8.1927e-01
6.5700e+02 8.6898e-01
6.5800e+02 8.4912e-01
6.5900e+02 8.5958e-01
6.6000e+02 8.8344e-01
6.6100e+02 8.4914e-01
6.6200e+02 8.6970e-01
6.6300e+02 8.7119e-01
6.6400e+02 8.6005e-01
6.6500e+02 8.7071e-01
6.6600e+02 8.7877e-01
6.6700e+02 8.5472e-01
6.6800e+02 8.5457e-01
6.6900e+02 8.8874e-01
6.7000e+02 8.9830e-01
6.7100e+02 8.7333e-01
6.7200e+02 9.0105e-01
6.7300e+02 8.6835e-01
6.7400e+02 8.6034e-01
6.7500e+02 8.8454e-01
6.7600e+02 8.9903e-01
6.7700e+02 9.0488e-01
6.7800e+02 9.6036e-01
6.7900e+02 1.1054e+00
6.8000e+02 8.9204e-01
6.8100e+02 9.4705e-01
6.8200e+02 9.2603e-01
6.8300e+02 9.2274e-01
6.8400e+02 1.1179e+00
6.8500e+02 9.4742e-01
6.8600e+02 9.5514e-01
6.8700e+02 9.2725e-01
6.8800e+02 9.2560e-01
6.8900e+02 9.1861e-01
6.9000e+02 9.4713e-01
6.9100e+02 9.3471e-01
6.9200e+02 9.4767e-01
6.9300e+02 9.4173e-01
6.9400e+02 9.4095e-01
6.9500e+02 9.7314e-01
6.9600e+02 9.2992e-01
6.9700e+02 9.5098e-01
6.9800e+02 1.0588e+00
6.9900e+02 9.9118e-01
7.0000e+02 9.9051e-01
7.0100e+02 1.0536e+00
7.0200e+02 9.9351e-01
7.0300e+02 9.7531e-01
7.0400e+02 9.9073e-01
7.0500e+02 1.0515e+00
7.0600e+02 1.0078e+00
7.0700e+02 1.0412e+00
7.0800e+02 1.0947e+00
7.0900e+02 1.0325e+00
7.1000e+02 1.0642e+00
7.1100e+02 1.0494e+00
7.1200e+02 1.0284e+00
7.1300e+02 1.0906e+00
7.1400e+02 1.0398e+00
7.1500e+02 9.9017e-01
7.1600e+02 1.0156e+00
7.1700e+02 1.0554e+00
7.1800e+02 1.0368e+00
7.1900e+02 1.0790e+00
7.2000e+02 1.0240e+00
7.2100e+02 1.0936e+00
7.2200e+02 1.0813e+00
7.2300e+02 1.0764e+00
7.2400e+02 1.0803e+00
7.2500e+02 1.0720e+00
7.2600e+02 1.1123e+00
7.2700e+02 1.0739e+00
7.2800e+02 1.0599e+00
7.2900e+02 1.0726e+00
7.3000e+02 1.1061e+00
7.3100e+02 1.1050e+00
7.3200e+02 1.0914e+00
7.3300e+02 1.0843e+00
7.3400e+02 1.1047e+00
7.3500e+02 1.0575e+00
7.3600e+02 1.0902e+00
7.3700e+02 1.0953e+00
7.3800e+02 1.1861e+00
7.3900e+02 1.3850e+00
7.4000e+02 1.1151e+00
7.4100e+02 1.1519e+00
7.4200e+02 1.1032e+00
7.4300e+02 1.1688e+00
7.4400e+02 1.1286e+00
7.4500e+02 1.0999e+00
7.4600e+02 1.1718e+00
7.4700e+02 1.2339e+00
7.4800e+02 1.1575e+00
7.4900e+02 1.1650e+00
7.5000e+02 1.1809e+00
7.5100e+02 1.1508e+00
7.5200e+02 1.1859e+00
7.5300e+02 1.1645e+00
7.5400e+02 1.1684e+00
7.5500e+02 1.1622e+00
7.5600e+02 1.2087e+00
7.5700e+02 1.1420e+00
7.5800e+02 1.1662e+00
7.5900e+02 1.1999e+00
7.6000e+02 1.1964e+00
7.6100e+02 1.2080e+00
7.6200e+02 1.1652e+00
7.6300e+02 1.1878e+00
7.6400e+02 1.2485e+00
7.6500e+02 1.2242e+00
7.6600e+02 1.2032e+00
7.6700e+02 1.2208e+00
7.6800e+02 1.2442e+00
7.6900e+02 1.2566e+00
7.7000e+02 1.2758e+00
7.7100e+02 1.2628e+00
7.7200e+02 1.2329e+00
7.7300e+02 1.2860e+00
7.7400e+02 1.2974e+00
7.7500e+02 1.2566e+00
7.7600e+02 1.4025e+00
7.7700e+02 1.2638e+00
7.7800e+02 1.2393e+00
7.7900e+02 1.3112e+00
7.8000e+02 1.2717e+00
7.8100e+02 1.2353e+00
7.8200e+02 1.3341e+00
7.8300e+02 1.2732e+00
7.8400e+02 1.2697e+00
7.8500e+02 1.3348e+00
7.8600e+02 1.3023e+00
7.8700e+02 1.2767e+00
7.8800e+02 1.4033e+00
7.8900e+02 1.3208e+00
7.9000e+02 1.2919e+00
7.9100e+02 1.3671e+00
7.9200e+02 1.3114e+00
7.9300e+02 1.3307e+00
7.9400e+02 1.3980e+00
7.9500e+02 1.3098e+00
7.9600e+02 1.3178e+00
7.9700e+02 1.3799e+00
7.9800e+02 1.3188e+00
7.9900e+02 1.3446e+00
8.0000e+02 1.3322e+00
8.0100e+02 1.3216e+00
8.0200e+02 1.4081e+00
8.0300e+02 1.3727e+00
8.0400e+02 1.3720e+00
8.0500e+02 1.4142e+00
8.0600e+02 1.4554e+00
8.0700e+02 1.3810e+00
8.0800e+02 1.4047e+00
8.0900e+02 1.3989e+00
8.1000e+02 1.4154e+00
8.1100e+02 1.4248e+00
8.1200e+02 1.4247e+00
8.1300e+02 1.3802e+00
8.1400e+02 1.3779e+00
8.1500e+02 1.4043e+00
8.1600e+02 1.4081e+00
8.1700e+02 1.4271e+00
8.1800e+02 1.4704e+00
8.1900e+02 1.4227e+00
8.2000e+02 1.4279e+00
8.2100e+02 1.4417e+00
8.2200e+02 1.4336e+00
8.2300e+02 1.4896e+00
8.2400e+02 1.4021e+00
8.2500e+02 1.4855e+00
8.2600e+02 1.4272e+00
8.2700e+02 1.4632e+00
8.2800e+02 1.4556e+00
8.2900e+02 1.4815e+00
8.3000e+02 1.4885e+00
8.3100e+02 1.4698e+00
8.3200e+02 1.4249e+00
8.3300e+02 1.5260e+00
8.3400e+02 1.4125e+00
8.3500e+02 1.5041e+00
8.3600e+02 1.4856e+00
8.3700e+02 1.5034e+00
8.3800e+02 1.4571e+00
8.3900e+02 1.4871e+00
8.4000e+02 1.4399e+00
8.4100e+02 1.5216e+00
8.4200e+02 1.4948e+00
8.4300e+02 1.4921e+00
8.4400e+02 1.5308e+00
8.4500e+02 1.5445e+00
8.4600e+02 1.5239e+00
8.4700e+02 1.5488e+00
8.4800e+02 1.5087e+00
8.4900e+02 1.5149e+00
8.5000e+02 1.5139e+00
8.5100e+02 1.5695e+00
8.5200e+02 1.5169e+00
8.5300e+02 1.5780e+00
8.5400e+02 1.5723e+00
8.5500e+02 1.5545e+00
8.5600e+02 1.5229e+00
8.5700e+02 1.5970e+00
8.5800e+02 1.5280e+00
8.5900e+02 1.5994e+00
8.6000e+02 1.5852e+00
8.6100e+02 1.5727e+00
8.6200e+02 1.5448e+00
8.6300e+02 1.5856e+00
8.6400e+02 1.5842e+00
8.6500e+02 1.5754e+00
8.6600e+02 1.5834e+00
8.6700e+02 1.6172e+00
8.6800e+02 1.5221e+00
8.6900e+02 1.6482e+00
8.7000e+02 1.6378e+00
8.7100e+02 1.6018e+00
8.7200e+02 1.6651e+00
8.7300e+02 1.6347e+00
8.7400e+02 1.5867e+00
8.7500e+02 1.6360e+00
8.7600e+02 1.6307e+00
8.7700e+02 1.6798e+00
8.7800e+02 1.6682e+00
8.7900e+02 1.6593e+00
8.8000e+02 1.6813e+00
8.8100e+02 1.6971e+00
8.8200e+02 1.6932e+00
8.8300e+02 1.7337e+00
8.8400e+02 1.6832e+00
8.8500e+02 1.7665e+00
8.8600e+02 1.6847e+00
8.8700e+02 1.7501e+00
8.8800e+02 1.7222e+00
8.8900e+02 1.7412e+00
8.9000e+02 1.7230e+00
8.9100e+02 1.6928e+00
8.9200e+02 1.7512e+00
8.9300e+02 1.7289e+00
8.9400e+02 1.7428e+00
8.9500e+02 1.7530e+00
8.9600e+02 1.7264e+00
8.9700e+02 1.7883e+00
8.9800e+02 1.7155e+00
8.9900e+02 1.7671e+00
9.0000e+02 1.7249e+00
9.0100e+02 1.7644e+00
9.0200e+02 1.7739e+00
9.0300e+02 1.7754e+00
9.0400e+02 1.7274e+00
9.0500e+02 1.8131e+00
9.0600e+02 1.8105e+00
9.0700e+02 1.7933e+00
9.0800e+02 1.7689e+00
9.0900e+02 1.7887e+00
9.1000e+02 1.7972e+00
9.1100e+02 1.8287e+00
9.1200e+02 1.8061e+00
9.1300e+02 1.7917e+00
9.1400e+02 1.8546e+00
9.1500e+02 1.7699e+00
9.1600e+02 1.8163e+00
9.1700e+02 1.7838e+00
9.1800e+02 1.8305e+00
9.1900e+02 1.8049e+00
9.2000e+02 1.8552e+00
9.2100e+02 1.8641e+00
9.2200e+02 1.9161e+00
9.2300e+02 1.8852e+00
9.2400e+02 1.8800e+00
9.2500e+02 1.8850e+00
9.2600e+02 1.8891e+00
9.2700e+02 1.8768e+00
9.2800e+02 1.9129e+00
9.2900e+02 1.9152e+00
9.3000e+02 1.8950e+00
9.3100e+02 1.8867e+00
9.3200e+02 1.9447e+00
9.3300e+02 1.8841e+00
9.3400e+02 1.8662e+00
9.3500e+02 1.9669e+00
9.3600e+02 1.8963e+00
9.3700e+02 1.8997e+00
9.3800e+02 1.9257e+00
9.3900e+02 1.9122e+00
9.4000e+02 1.9741e+00
9.4100e+02 1.9183e+00
9.4200e+02 2.0329e+00
9.4300e+02 1.8990e+00
9.4400e+02 1.9384e+00
9.4500e+02 1.9443e+00
9.4600e+02 2.0168e+00
9.4700e+02 1.9700e+00
9.4800e+02 1.9599e+00
9.4900e+02 1.9738e+00
9.5000e+02 2.0424e+00
9.5100e+02 1.9495e+00
9.5200e+02 1.8924e+00
9.5300e+02 1.9937e+00
9.5400e+02 2.0484e+00
9.5500e+02 1.9883e+00
9.5600e+02 2.0080e+00
9.5700e+02 1.9417e+00
9.5800e+02 2.0634e+00
9.5900e+02 2.0258e+00
9.6000e+02 2.0499e+00
9.6100e+02 2.0063e+00
9.6200e+02 2.0461e+00
9.6300e+02 2.0222e+00
9.6400e+02 2.0535e+00
9.6500e+02 2.0415e+00
9.6600e+02 2.0476e+00
9.6700e+02 2.0454e+00
9.6800e+02 2.0788e+00
9.6900e+02 2.0052e+00
9.7000e+02 2.0584e+00
9.7100e+02 2.0203e+00
9.7200e+02 2.0708e+00
9.7300e+02 2.1505e+00
9.7400e+02 2.0583e+00
9.7500e+02 2.0852e+00
9.7600e+02 2.0922e+00
9.7700e+02 2.0977e+00
9.7800e+02 2.1200e+00
9.7900e+02 2.1174e+00
9.8000e+02 2.1336e+00
9.8100e+02 2.1129e+00
9.8200e+02 2.0699e+00
9.8300e+02 2.1320e+00
9.8400e+02 2.1271e+00
9.8500e+02 2.1292e+00
9.8600e+02 2.2067e+00
9.8700e+02 2.1442e+00
9.8800e+02 2.1341e+00
9.8900e+02 2.1556e+00
9.9000e+02 2.2455e+00
9.9100e+02 2.1393e+00
9.9200e+02 2.1672e+00
9.9300e+02 2.1440e+00
9.9400e+02 2.2450e+00
9.9500e+02 2.1420e+00
9.9600e+02 2.2168e+00
9.9700e+02 2.2052e+00
9.9800e+02 2.2948e+00
9.9900e+02 2.2154e+00
1.0000e+03 2.2714e+00
1.0010e+03 2.2162e+00
1.0020e+03 2.2511e+00
1.0030e+03 2.2462e+00
1.0040e+03 2.2570e+00
1.0050e+03 2.2321e+00
1.0060e+03 2.2964e+00
1.0070e+03 2.2474e+00
1.0080e+03 2.1971e+00
1.0090e+03 2.3136e+00
1.0100e+03 2.2737e+00
1.0110e+03 2.3058e+00
1.0120e+03 2.2865e+00
1.0130e+03 2.3312e+00
1.0140e+03 2.2598e+00
1.0150e+03 2.3135e+00
1.0160e+03 2.3124e+00
1.0170e+03 2.3079e+00
1.0180e+03 2.3370e+00
1.0190e+03 2.3766e+00
1.0200e+03 2.2834e+00
1.0210e+03 2.4689e+00
1.0220e+03 2.3619e+00
1.0230e+03 2.3782e+00
1.0240e+03 2.3014e+00
1.0250e+03 2.4079e+00
1.0260e+03 2.4383e+00
1.0270e+03 2.3792e+00
1.0280e+03 2.3692e+00
1.0290e+03 2.3873e+00
1.0300e+03 2.3741e+00
1.0310e+03 2.4203e+00
1.0320e+03 2.4199e+00
1.0330e+03 2.4155e+00
1.0340e+03 2.4159e+00
1.0350e+03 2.4725e+00
1.0360e+03 2.4198e+00
1.0370e+03 2.4115e+00
1.0380e+03 2.4058e+00
1.0390e+03 2.3952e+00
1.0400e+03 2.4215e+00
1.0410e+03 2.4389e+00
1.0420e+03 2.4262e+00
1.0430e+03 2.5532e+00
1.0440e+03 2.5355e+00
1.0450e+03 2.4537e+00
1.0460e+03 2.4628e+00
1.0470e+03 2.4751e+00
1.0480e+03 2.4635e+00
1.0490e+03 2.4629e+00
1.0500e+03 2.5128e+00
1.0510e+03 2.4708e+00
1.0520e+03 2.5538e+00
1.0530e+03 2.4194e+00
1.0540e+03 2.4650e+00
1.0550e+03 2.5106e+00
1.0560e+03 2.5593e+00
1.0570e+03 2.5204e+00
1.0580e+03 2.5195e+00
1.0590e+03 2.4938e+00
1.0600e+03 2.5476e+00
1.0610e+03 2.5550e+00
1.0620e+03 2.5637e+00
1.0630e+03 2.5589e+00
1.0640e+03 2.5671e+00
1.0650e+03 2.4961e+00
1.0660e+03 2.5450e+00
1.0670e+03 2.5303e+00
1.0680e+03 2.6158e+00
1.0690e+03 2.5754e+00
1.0700e+03 2.6420e+00
1.0710e+03 2.5503e+00
1.0720e+03 2.6277e+00
1.0730e+03 2.5784e+00
1.0740e+03 2.6179e+00
1.0750e+03 2.5813e+00
1.0760e+03 2.5816e+00
1.0770e+03 2.6157e+00
1.0780e+03 2.6009e+00
1.0790e+03 2.6462e+00
1.0800e+03 2.5864e+00
1.0810e+03 2.6615e+00
1.0820e+03 2.7058e+00
1.0830e+03 2.5950e+00
1.0840e+03 2.6895e+00
1.0850e+03 2.6704e+00
1.0860e+03 2.6330e+00
1.0870e+03 2.6597e+00
1.0880e+03 2.7186e+00
1.0890e+03 2.6332e+00
1.0900e+03 2.7066e+00
1.0910e+03 2.6874e+00
1.0920e+03 2.7110e+00
1.0930e+03 2.6525e+00
1.0940e+03 2.7096e+00
1.0950e+03 2.6792e+00
1.0960e+03 2.6640e+00
1.0970e+03 2.6959e+00
1.0980e+03 2.6915e+00
1.0990e+03 2.6439e+00
1.1000e+03 2.7491e+00
1.1010e+03 2.7591e+00
1.1020e+03 2.7479e+00
1.1030e+03 2.7082e+00
1.1040e+03 2.8034e+00
1.1050e+03 2.7735e+00
1.1060e+03 2.7476e+00
1.1070e+03 2.7546e+00
1.1080e+03 2.7308e+00
1.1090e+03 2.8033e+00
1.1100e+03 2.8066e+00
1.1110e+03 2.7565e+00
1.1120e+03 2.7947e+00
1.1130e+03 2.7652e+00
1.1140e+03 2.7716e+00
1.1150e+03 2.8236e+00
1.1160e+03 2.7872e+00
1.1170e+03 2.8155e+00
1.1180e+03 2.7870e+00
1.1190e+03 2.7792e+00
1.1200e+03 2.8695e+00
1.1210e+03 2.8452e+00
1.1220e+03 2.8404e+00
1.1230e+03 2.8932e+00
1.1240e+03 2.8436e+00
1.1250e+03 2.8297e+00
1.1260e+03 2.8937e+00
1.1270e+03 2.8416e+00
1.1280e+03 2.8548e+00
1.1290e+03 2.8471e+00
1.1300e+03 2.9817e+00
1.1310e+03 2.8633e+00
1.1320e+03 2.9340e+00
1.1330e+03 2.9249e+00
1.1340e+03 2.8720e+00
1.1350e+03 2.9373e+00
1.1360e+03 2.9383e+00
1.1370e+03 2.9589e+00
1.1380e+03 2.9737e+00
1.1390e+03 2.9404e+00
1.1400e+03 2.9231e+00
1.1410e+03 2.9413e+00
1.1420e+03 2.9462e+00
1.1430e+03 2.9483e+00
1.1440e+03 2.9749e+00
1.1450e+03 2.9389e+00
1.1460e+03 2.9757e+00
1.1470e+03 2.9797e+00
1.1480e+03 3.0347e+00
1.1490e+03 2.9072e+00
1.1500e+03 2.9608e+00
1.1510e+03 3.0115e+00
1.1520e+03 3.0709e+00
1.1530e+03 3.0242e+00
1.1540e+03 3.0704e+00
1.1550e+03 2.9978e+00
1.1560e+03 3.0700e+00
1.1570e+03 3.0535e+00
1.1580e+03 3.0622e+00
1.1590e+03 3.0796e+00
1.1600e+03 3.1250e+00
1.1610e+03 3.0648e+00
1.1620e+03 3.0905e+00
1.1630e+03 3.0917e+00
1.1640e+03 3.1085e+00
1.1650e+03 3.0675e+00
1.1660e+03 3.1236e+00
1.1670e+03 3.1253e+00
1.1680e+03 3.0957e+00
1.1690e+03 3.0924e+00
1.1700e+03 3.1186e+00
1.1710e+03 3.1363e+00
1.1720e+03 3.1308e+00
1.1730e+03 3.1314e+00
1.1740e+03 3.1489e+00
1.1750e+03 3.0705e+00
1.1760e+03 3.1398e+00
1.1770e+03 3.1675e+00
1.1780e+03 3.0955e+00
1.1790e+03 3.1219e+00
1.1800e+03 3.1190e+00
1.1810e+03 3.1235e+00
1.1820e+03 3.1720e+00
1.1830e+03 3.1734e+00
1.1840e+03 3.2478e+00
1.1850e+03 3.1459e+00
1.1860e+03 3.1995e+00
1.1870e+03 3.1776e+00
1.1880e+03 3.2244e+00
1.1890e+03 3.2106e+00
1.1900e+03 3.2294e+00
1.1910e+03 3.2847e+00
1.1920e+03 3.2427e+00
1.1930e+03 3.2905e+00
1.1940e+03 3.2533e+00
1.1950e+03 3.2607e+00
1.1960e+03 3.3150e+00
1.1970e+03 3.3099e+00
1.1980e+03 3.2855e+00
1.1990e+03 3.2772e+00
1.2000e+03 3.2804e+00
1.2010e+03 3.3099e+00
1.2020e+03 3.3657e+00
1.2030e+03 3.2860e+00
1.2040e+03 3.3957e+00
1.2050e+03 3.3381e+00
1.2060e+03 3.3105e+00
1.2070e+03 3.4457e+00
1.2080e+03 3.3474e+00
1.2090e+03 3.4110e+00
1.2100e+03 3.3855e+00
1.2110e+03 3.4067e+00
1.2120e+03 3.4503e+00
1.2130e+03 3.4450e+00
1.2140e+03 3.4316e+00
1.2150e+03 3.4300e+00
1.2160e+03 3.3408e+00
1.2170e+03 3.4140e+00
1.2180e+03 3.4367e+00
1.2190e+03 3.4830e+00
1.2200e+03 3.4785e+00
1.2210e+03 3.3930e+00
1.2220e+03 3.4098e+00
1.2230e+03 3.4446e+00
1.2240e+03 3.4554e+00
1.2250e+03 3.4360e+00
1.2260e+03 3.5211e+00
1.2270e+03 3.4645e+00
1.2280e+03 3.5019e+00
1.2290e+03 3.4573e+00
1.2300e+03 3.4729e+00
1.2310e+03 3.4636e+00
1.2320e+03 3.4843e+00
1.2330e+03 3.5273e+00
1.2340e+03 3.4953e+00
1.2350e+03 3.4413e+00
1.2360e+03 3.5565e+00
1.2370e+03 3.5437e+00
1.2380e+03 3.5159e+00
1.2390e+03 3.4950e+00
1.2400e+03 3.5307e+00
1.2410e+03 3.5343e+00
1.2420e+03 3.5959e+00
1.2430e+03 3.5271e+00
1.2440e+03 3.5506e+00
1.2450e+03 3.5814e+00
1.2460e+03 3.6264e+00
1.2470e+03 3.5536e+00
1.2480e+03 3.5933e+00
1.2490e+03 3.5558e+00
1.2500e+03 3.6676e+00
1.2510e+03 3.6191e+00
1.2520e+03 3.6383e+00
1.2530e+03 3.6177e+00
1.2540e+03 3.6329e+00
1.2550e+03 3.6447e+00
1.2560e+03 3.7051e+00
1.2570e+03 3.6884e+00
1.2580e+03 3.7094e+00
1.2590e+03 3.6249e+00
1.2600e+03 3.7697e+00
1.2610e+03 3.7447e+00
1.2620e+03 3.7132e+00
1.2630e+03 3.7192e+00
1.2640e+03 3.7352e+00
1.2650e+03 3.7199e+00
1.2660e+03 3.7493e+00
1.2670e+03 3.8356e+00
1.2680e+03 3.7395e+00
1.2690e+03 3.7367e+00
1.2700e+03 3.9252e+00
1.2710e+03 3.7659e+00
1.2720e+03 3.7977e+00
1.2730e+03 3.8200e+00
1.2740e+03 3.8161e+00
1.2750e+03 3.7607e+00
1.2760e+03 3.8346e+00
1.2770e+03 3.7495e+00
1.2780e+03 3.8353e+00
1.2790e+03 3.8627e+00
1.2800e+03 3.8579e+00
1.2810e+03 3.7717e+00
1.2820e+03 3.9958e+00
1.2830e+03 3.8607e+00
1.2840e+03 3.8636e+00
1.2850e+03 3.9608e+00
1.2860e+03 3.9350e+00
1.2870e+03 3.8409e+00
1.2880e+03 4.0723e+00
1.2890e+03 3.8204e+00
1.2900e+03 3.9664e+00
1.2910e+03 4.0071e+00
1.2920e+03 3.9578e+00
1.2930e+03 3.9592e+00
1.2940e+03 4.0538e+00
1.2950e+03 3.9293e+00
1.2960e+03 3.9946e+00
1.2970e+03 4.0466e+00
1.2980e+03 3.9591e+00
1.2990e+03 3.9261e+00
1.3000e+03 4.0285e+00
1.3010e+03 3.9623e+00
1.3020e+03 3.9983e+00
1.3030e+03 4.0039e+00
1.3040e+03 3.9303e+00
1.3050e+03 4.0956e+00
1.3060e+03 4.1995e+00
1.3070e+03 3.9529e+00
1.3080e+03 3.9989e+00
1.3090e+03 4.1154e+00
1.3100e+03 3.9888e+00
1.3110e+03 3.9862e+00
1.3120e+03 4.0929e+00
1.3130e+03 4.0049e+00
1.3140e+03 3.9701e+00
1.3150e+03 4.1420e+00
1.3160e+03 4.0830e+00
1.3170e+03 4.0269e+00
1.3180e+03 4.1732e+00
1.3190e+03 4.0576e+00
1.3200e+03 3.9957e+00
1.3210e+03 4.2614e+00
1.3220e+03 4.0616e+00
1.3230e+03 4.1513e+00
1.3240e+03 4.2038e+00
1.3250e+03 4.1099e+00
1.3260e+03 4.1140e+00
1.3270e+03 4.2789e+00
1.3280e+03 4.1790e+00
1.3290e+03 4.1060e+00
1.3300e+03 4.2924e+00
1.3310e+03 4.2131e+00
1.3320e+03 4.1996e+00
1.3330e+03 4.3300e+00
1.3340e+03 4.1863e+00
1.3350e+03 4.2415e+00
1.3360e+03 4.1942e+00
1.3370e+03 4.2981e+00
1.3380e+03 4.1633e+00
1.3390e+03 4.3782e+00
1.3400e+03 4.2835e+00
1.3410e+03 4.3698e+00
1.3420e+03 4.2422e+00
1.3430e+03 4.3658e+00
1.3440e+03 4.2183e+00
1.3450e+03 4.4235e+00
1.3460e+03 4.3349e+00
1.3470e+03 4.3261e+00
1.3480e+03 4.3796e+00
1.3490e+03 4.2189e+00
1.3500e+03 4.3317e+00
1.3510e+03 4.4215e+00
1.3520e+03 4.3378e+00
1.3530e+03 4.3661e+00
1.3540e+03 4.4827e+00
1.3550e+03 4.3743e+00
1.3560e+03 4.4500e+00
1.3570e+03 4.5295e+00
1.3580e+03 4.2991e+00
1.3590e+03 4.3964e+00
1.3600e+03 4.5223e+00
1.3610e+03 4.4058e+00
1.3620e+03 4.5188e+00
1.3630e+03 4.5560e+00
1.3640e+03 4.5086e+00
1.3650e+03 4.3901e+00
1.3660e+03 4.6522e+00
1.3670e+03 4.5402e+00
1.3680e+03 4.5065e+00
1.3690e+03 4.6495e+00
1.3700e+03 4.4896e+00
1.3710e+03 4.4632e+00
1.3720e+03 4.6184e+00
1.3730e+03 4.5402e+00
1.3740e+03 4.4210e+00
1.3750e+03 4.6651e+00
1.3760e+03 4.5116e+00
1.3770e+03 4.5177e+00
1.3780e+03 4.7762e+00
1.3790e+03 4.5571e+00
1.3800e+03 4.6217e+00
1.3810e+03 4.8041e+00
1.3820e+03 4.6576e+00
1.3830e+03 4.5850e+00
1.3840e+03 4.8078e+00
1.3850e+03 4.6834e+00
1.3860e+03 4.7008e+00
1.3870e+03 4.8833e+00
1.3880e+03 4.7246e+00
1.3890e+03 4.7029e+00
1.3900e+03 4.7786e+00
1.3910e+03 4.7592e+00
1.3920e+03 4.8367e+00
1.3930e+03 5.0961e+00
1.3940e+03 4.8533e+00
1.3950e+03 4.9053e+00
1.3960e+03 4.9933e+00
1.3970e+03 4.8815e+00
1.3980e+03 4.7501e+00
1.3990e+03 5.1029e+00
1.4000e+03 4.8339e+00
1.4010e+03 4.9257e+00
1.4020e+03 4.9415e+00
1.4030e+03 4.9268e+00
1.4040e+03 5.0143e+00
1.4050e+03 5.0834e+00
1.4060e+03 5.0282e+00
1.4070e+03 4.9896e+00
1.4080e+03 5.1271e+00
1.4090e+03 5.0235e+00
1.4100e+03 5.0334e+00
1.4110e+03 5.3600e+00
1.4120e+03 5.0133e+00
1.4130e+03 5.1515e+00
1.4140e+03 5.1437e+00
1.4150e+03 5.0922e+00
1.4160e+03 5.3470e+00
1.4170e+03 5.1234e+00
1.4180e+03 5.0826e+00
1.4190e+03 5.4454e+00
1.4200e+03 5.1305e+00
1.4210e+03 5.2033e+00
1.4220e+03 5.3801e+00
1.4230e+03 5.2909e+00
1.4240e+03 5.2589e+00
1.4250e+03 5.4749e+00
1.4260e+03 5.1655e+00
1.4270e+03 5.3174e+00
1.4280e+03 5.3438e+00
1.4290e+03 5.2941e+00
1.4300e+03 5.3489e+00
1.4310e+03 5.4991e+00
1.4320e+03 5.3500e+00
1.4330e+03 5.4203e+00
1.4340e+03 5.6587e+00
1.4350e+03 5.3489e+00
1.4360e+03 5.4123e+00
1.4370e+03 5.5270e+00
1.4380e+03 5.4174e+00
1.4390e+03 5.3803e+00
1.4400e+03 5.5960e+00
1.4410e+03 5.4241e+00
1.4420e+03 5.4737e+00
1.4430e+03 5.7464e+00
1.4440e+03 5.5223e+00
1.4450e+03 5.5449e+00
1.4460e+03 5.7945e+00
1.4470e+03 5.6194e+00
1.4480e+03 5.6132e+00
1.4490e+03 5.9667e+00
1.4500e+03 5.6317e+00
1.4510e+03 5.7706e+00
1.4520e+03 5.6476e+00
1.4530e+03 5.6826e+00
1.4540e+03 5.6116e+00
1.4550e+03 5.9737e+00
1.4560e+03 5.7724e+00
1.4570e+03 5.7327e+00
1.4580e+03 6.2081e+00
1.4590e+03 5.7747e+00
1.4600e+03 5.7794e+00
1.4610e+03 5.9318e+00
1.4620e+03 5.8469e+00
1.4630e+03 5.8856e+00
1.4640e+03 5.9561e+00
1.4650e+03 5.9817e+00
1.4660e+03 5.8287e+00
1.4670e+03 6.1276e+00
1.4680e+03 6.0395e+00
1.4690e+03 5.9058e+00
1.4700e+03 6.1972e+00
1.4710e+03 6.0099e+00
1.4720e+03 6.0032e+00
1.4730e+03 6.2938e+00
1.4740e+03 6.0428e+00
1.4750e+03 6.0363e+00
1.4760e+03 6.2002e+00
1.4770e+03 6.2233e+00
1.4780e+03 6.1080e+00
1.4790e+03 6.4337e+00
1.4800e+03 6.0650e+00
1.4810e+03 6.2529e+00
1.4820e+03 6.4461e+00
1.4830e+03 6.1840e+00
1.4840e+03 6.3051e+00
1.4850e+03 6.5361e+00
1.4860e+03 6.1363e+00
1.4870e+03 6.3207e+00
1.4880e+03 6.4684e+00
1.4890e+03 6.6744e+00
1.4900e+03 6.4338e+00
1.4910e+03 6.6531e+00
1.4920e+03 6.7074e+00
1.4930e+03 6.6937e+00
1.4940e+03 6.6570e+00
1.4950e+03 6.3827e+00
1.4960e+03 6.5979e+00
1.4970e+03 6.8604e+00
1.4980e+03 6.7980e+00
1.4990e+03 6.8338e+00
1.5000e+03 7.1631e+00
1.5010e+03 7.1097e+00
1.5020e+03 6.9632e+00
1.5030e+03 7.3027e+00
1.5040e+03 7.0082e+00
1.5050e+03 7.0561e+00
1.5060e+03 7.2104e+00
1.5070e+03 7.0967e+00
1.5080e+03 7.0878e+00
1.5090e+03 7.3143e+00
1.5100e+03 7.5038e+00
1.5110e+03 7.6644e+00
1.5120e+03 7.6102e+00
1.5130e+03 7.5670e+00
1.5140e+03 7.6723e+00
1.5150e+03 8.0397e+00
1.5160e+03 7.1699e+00
1.5170e+03 7.6793e+00
1.5180e+03 7.6915e+00
1.5190e+03 7.8224e+00
1.5200e+03 7.6211e+00
1.5210e+03 8.1074e+00
1.5220e+03 8.0012e+00
1.5230e+03 7.9231e+00
1.5240e+03 7.8528e+00
1.5250e+03 7.9746e+00
1.5260e+03 8.2789e+00
1.5270e+03 8.3707e+00
1.5280e+03 7.8102e+00
1.5290e+03 8.5299e+00
1.5300e+03 8.1953e+00
1.5310e+03 8.2210e+00
1.5320e+03 8.5291e+00
1.5330e+03 8.1639e+00
1.5340e+03 8.2592e+00
1.5350e+03 8.5339e+00
1.5360e+03 8.3095e+00
1.5370e+03 8.3711e+00
1.5380e+03 8.7778e+00
1.5390e+03 8.3425e+00
1.5400e+03 8.3067e+00
1.5410e+03 8.7452e+00
1.5420e+03 8.6237e+00
1.5430e+03 8.6079e+00
1.5440e+03 8.6224e+00
1.5450e+03 8.6576e+00
1.5460e+03 8.6318e+00
1.5470e+03 9.1112e+00
1.5480e+03 8.4592e+00
1.5490e+03 8.8279e+00
1.5500e+03 9.1222e+00
1.5510e+03 9.0457e+00
1.5520e+03 8.5603e+00
1.5530e+03 9.0852e+00
1.5540e+03 8.8725e+00
1.5550e+03 8.9886e+00
1.5560e+03 9.1261e+00
1.5570e+03 9.2953e+00
1.5580e+03 9.1352e+00
1.5590e+03 9.2441e+00
1.5600e+03 9.0509e+00
1.5610e+03 9.4010e+00
1.5620e+03 9.5915e+00
1.5630e+03 9.4171e+00
1.5640e+03 9.2141e+00
1.5650e+03 9.5579e+00
1.5660e+03 9.2417e+00
1.5670e+03 9.5854e+00
1.5680e+03 9.5254e+00
1.5690e+03 9.6303e+00
1.5700e+03 9.6759e+00
1.5710e+03 9.9164e+00
1.5720e+03 9.7546e+00
1.5730e+03 9.6397e+00
1.5740e+03 9.9572e+00
1.5750e+03 9.9007e+00
1.5760e+03 1.0187e+01
1.5770e+03 9.7489e+00
1.5780e+03 1.0057e+01
1.5790e+03 9.7348e+00
1.5800e+03 1.0147e+01
1.5810e+03 1.0179e+01
1.5820e+03 1.0098e+01
1.5830e+03 9.9466e+00
1.5840e+03 1.0308e+01
1.5850e+03 1.0010e+01
1.5860e+03 1.0472e+01
1.5870e+03 9.9493e+00
1.5880e+03 1.0323e+01
1.5890e+03 1.0231e+01
1.5900e+03 1.0618e+01
1.5910e+03 1.0346e+01
1.5920e+03 1.0389e+01
1.5930e+03 1.0162e+01
1.5940e+03 1.0687e+01
1.5950e+03 1.0461e+01
1.5960e+03 1.0400e+01
1.5970e+03 1.0507e+01
1.5980e+03 1.0783e+01
1.5990e+03 1.0426e+01
1.6000e+03 1.0450e+01
1.6010e+03 1.0706e+01
1.6020e+03 1.0775e+01
1.6030e+03 1.0677e+01
1.6040e+03 1.0922e+01
1.6050e+03 1.0887e+01
1.6060e+03 1.1153e+01
1.6070e+03 1.0801e+01
1.6080e+03 1.0992e+01
1.6090e+03 1.0991e+01
1.6100e+03 1.1028e+01
1.6110e+03 1.0688e+01
1.6120e+03 1.1523e+01
1.6130e+03 1.1283e+01
1.6140e+03 1.1319e+01
1.6150e+03 1.0960e+01
1.6160e+03 1.1384e+01
1.6170e+03 1.0942e+01
1.6180e+03 1.1701e+01
1.6190e+03 1.1216e+01
1.6200e+03 1.1447e+01
1.6210e+03 1.1166e+01
1.6220e+03 1.1620e+01
1.6230e+03 1.1199e+01
1.6240e+03 1.1739e+01
1.6250e+03 1.1672e+01
1.6260e+03 1.1613e+01
1.6270e+03 1.1455e+01
1.6280e+03 1.1422e+01
1.6290e+03 1.1727e+01
1.6300e+03 1.1681e+01
1.6310e+03 1.1437e+01
1.6320e+03 1.1641e+01
1.6330e+03 1.1517e+01
1.6340e+03 1.1901e+01
1.6350e+03 1.1710e+01
1.6360e+03 1.1924e+01
1.6370e+03 1.1848e+01
1.6380e+03 1.1888e+01
1.6390e+03 1.1950e+01
1.6400e+03 1.2106e+01
1.6410e+03 1.2101e+01
1.6420e+03 1.2349e+01
1.6430e+03 1.1803e+01
1.6440e+03 1.1999e+01
1.6450e+03 1.1898e+01
1.6460e+03 1.2426e+01
1.6470e+03 1.1753e+01
1.6480e+03 1.2056e+01
1.6490e+03 1.1690e+01
1.6500e+03 1.2280e+01
1.6510e+03 1.2181e+01
1.6520e+03 1.2101e+01
1.6530e+03 1.1972e+01
1.6540e+03 1.2261e+01
1.6550e+03 1.1933e+01
1.6560e+03 1.2101e+01
1.6570e+03 1.2135e+01
1.6580e+03 1.2485e+01
1.6590e+03 1.2079e+01
1.6600e+03 1.2332e+01
1.6610e+03 1.2177e+01
1.6620e+03 1.2463e+01
1.6630e+03 1.1935e+01
1.6640e+03 1.2441e+01
1.6650e+03 1.2411e+01
1.6660e+03 1.2702e+01
1.6670e+03 1.2086e+01
1.6680e+03 1.2443e+01
1.6690e+03 1.2253e+01
1.6700e+03 1.2793e+01
1.6710e+03 1.2409e+01
1.6720e+03 1.2488e+01
1.6730e+03 1.2443e+01
1.6740e+03 1.2408e+01
1.6750e+03 1.2534e+01
1.6760e+03 1.3109e+01
1.6770e+03 1.2482e+01
1.6780e+03 1.2972e+01
1.6790e+03 1.2109e+01
1.6800e+03 1.2264e+01
1.6810e+03 1.2503e+01
1.6820e+03 1.3012e+01
1.6830e+03 1.2446e+01
1.6840e+03 1.2890e+01
1.6850e+03 1.2564e+01
1.6860e+03 1.2814e+01
1.6870e+03 1.2664e+01
1.6880e+03 1.2883e+01
1.6890e+03 1.2762e+01
1.6900e+03 1.2966e+01
1.6910e+03 1.2672e+01
1.6920e+03 1.2455e+01
1.6930e+03 1.2750e+01
1.6940e+03 1.3294e+01
1.6950e+03 1.2857e+01
1.6960e+03 1.3097e+01
1.6970e+03 1.2899e+01
1.6980e+03 1.2731e+01
1.6990e+03 1.2867e+01
1.7000e+03 1.3320e+01
1.7010e+03 1.2910e+01
1.7020e+03 1.3341e+01
1.7030e+03 1.3157e+01
1.7040e+03 1.3186e+01
1.7050e+03 1.2997e+01
1.7060e+03 1.3550e+01
1.7070e+03 1.3384e+01
1.7080e+03 1.3490e+01
1.7090e+03 1.3507e+01
1.7100e+03 1.3020e+01
1.7110e+03 1.3253e+01
1.7120e+03 1.3568e+01
1.7130e+03 1.3400e+01
1.7140e+03 1.3788e+01
1.7150e+03 1.3102e+01
1.7160e+03 1.3194e+01
1.7170e+03 1.3399e+01
1.7180e+03 1.3514e+01
1.7190e+03 1.3014e+01
1.7200e+03 1.3427e+01
1.7210e+03 1.3528e+01
1.7220e+03 1.3291e+01
1.7230e+03 1.3303e+01
1.7240e+03 1.4168e+01
1.7250e+03 1.3610e+01
1.7260e+03 1.3751e+01
1.7270e+03 1.3261e+01
1.7280e+03 1.3445e+01
1.7290e+03 1.3375e+01
1.7300e+03 1.3879e+01
1.7310e+03 1.3314e+01
1.7320e+03 1.3763e+01
1.7330e+03 1.3368e+01
1.7340e+03 1.3727e+01
1.7350e+03 1.3565e+01
1.7360e+03 1.3821e+01
1.7370e+03 1.3456e+01
1.7380e+03 1.3613e+01
1.7390e+03 1.3540e+01
1.7400e+03 1.3525e+01
1.7410e+03 1.3930e+01
1.7420e+03 1.3982e+01
1.7430e+03 1.3837e+01
1.7440e+03 1.4019e+01
1.7450e+03 1.3659e+01
1.7460e+03 1.3649e+01
1.7470e+03 1.4075e+01
1.7480e+03 1.3706e+01
1.7490e+03 1.3739e+01
1.7500e+03 1.3993e+01
1.7510e+03 1.3985e+01
1.7520e+03 1.3589e+01
1.7530e+03 1.4213e+01
1.7540e+03 1.3716e+01
1.7550e+03 1.3964e+01
1.7560e+03 1.3986e+01
1.7570e+03 1.3861e+01
1.7580e+03 1.3823e+01
1.7590e+03 1.3996e+01
1.7600e+03 1.3827e+01
1.7610e+03 1.4187e+01
1.7620e+03 1.3936e+01
1.7630e+03 1.3990e+01
1.7640e+03 1.4013e+01
1.7650e+03 1.4153e+01
1.7660e+03 1.4676e+01
1.7670e+03 1.3989e+01
1.7680e+03 1.4100e+01
1.7690e+03 1.4376e+01
1.7700e+03 1.4158e+01
1.7710e+03 1.4462e+01
1.7720e+03 1.4239e+01
1.7730e+03 1.4210e+01
1.7740e+03 1.4361e+01
1.7750e+03 1.4500e+01
1.7760e+03 1.4259e+01
1.7770e+03 1.4600e+01
1.7780e+03 1.4904e+01
1.7790e+03 1.4660e+01
1.7800e+03 1.4237e+01
1.7810e+03 1.4614e+01
1.7820e+03 1.4546e+01
1.7830e+03 1.4723e+01
1.7840e+03 1.3981e+01
1.7850e+03 1.4732e+01
1.7860e+03 1.4565e+01
1.7870e+03 1.4704e+01
1.7880e+03 1.4894e+01
1.7890e+03 1.4658e+01
1.7900e+03 1.4624e+01
1.7910e+03 1.4762e+01
1.7920e+03 1.4899e+01
1.7930e+03 1.4542e+01
1.7940e+03 1.4645e+01
1.7950e+03 1.4758e+01
1.7960e+03 1.4627e+01
1.7970e+03 1.4962e+01
1.7980e+03 1.4707e+01
1.7990e+03 1.5005e+01
1.8000e+03 1.4763e+01
1.8010e+03 1.4996e+01
1.8020e+03 1.5020e+01
1.8030e+03 1.4922e+01
1.8040e+03 1.5476e+01
1.8050e+03 1.5355e+01
1.8060e+03 1.4930e+01
1.8070e+03 1.5166e+01
1.8080e+03 1.4769e+01
1.8090e+03 1.5035e+01
1.8100e+03 1.5061e+01
1.8110e+03 1.4897e+01
1.8120e+03 1.5170e+01
1.8130e+03 1.5234e+01
1.8140e+03 1.5259e+01
1.8150e+03 1.5435e+01
1.8160e+03 1.5481e+01
1.8170e+03 1.5700e+01
1.8180e+03 1.5159e+01
1.8190e+03 1.5522e+01
1.8200e+03 1.5496e+01
1.8210e+03 1.5526e+01
1.8220e+03 1.5375e+01
1.8230e+03 1.5246e+01
1.8240e+03 1.5144e+01
1.8250e+03 1.5288e+01
1.8260e+03 1.5482e+01
1.8270e+03 1.5405e+01
1.8280e+03 1.5157e+01
1.8290e+03 1.5868e+01
1.8300e+03 1.5537e+01
1.8310e+03 1.5736e+01
1.8320e+03 1.5556e+01
1.8330e+03 1.5824e+01
1.8340e+03 1.5892e+01
1.8350e+03 1.5662e+01
1.8360e+03 1.5330e+01
1.8370e+03 1.5771e+01
1.8380e+03 1.5735e+01
1.8390e+03 1.5763e+01
1.8400e+03 1.5525e+01
1.8410e+03 1.5979e+01
1.8420e+03 1.5647e+01
1.8430e+03 1.6123e+01
1.8440e+03 1.5450e+01
1.8450e+03 1.6243e+01
1.8460e+03 1.5861e+01
1.8470e+03 1.6151e+01
1.8480e+03 1.5841e+01
1.8490e+03 1.6285e+01
1.8500e+03 1.5924e+01
1.8510e+03 1.6238e+01
1.8520e+03 1.5911e+01
1.8530e+03 1.5992e+01
1.8540e+03 1.6519e+01
1.8550e+03 1.6107e+01
1.8560e+03 1.5799e+01
1.8570e+03 1.6141e+01
1.8580e+03 1.6181e+01
1.8590e+03 1.6269e+01
1.8600e+03 1.6383e+01
1.8610e+03 1.6350e+01
1.8620e+03 1.6410e+01
1.8630e+03 1.6576e+01
1.8640e+03 1.5824e+01
1.8650e+03 1.6424e+01
1.8660e+03 1.6327e+01
1.8670e+03 1.6414e+01
1.8680e+03 1.6316e+01
1.8690e+03 1.6363e+01
1.8700e+03 1.6322e+01
1.8710e+03 1.6430e+01
1.8720e+03 1.6431e+01
1.8730e+03 1.6428e+01
1.8740e+03 1.6560e+01
1.8750e+03 1.6555e+01
1.8760e+03 1.6604e+01
1.8770e+03 1.6752e+01
1.8780e+03 1.6808e+01
1.8790e+03 1.6611e+01
1.8800e+03 1.7609e+01
1.8810e+03 1.6779e+01
1.8820e+03 1.7046e+01
1.8830e+03 1.7253e+01
1.8840e+03 1.6799e+01
1.8850e+03 1.7187e+01
1.8860e+03 1.6656e+01
1.8870e+03 1.6689e+01
1.8880e+03 1.6797e+01
1.8890e+03 1.6875e+01
1.8900e+03 1.6943e+01
1.8910e+03 1.6972e+01
1.8920e+03 1.7233e+01
1.8930e+03 1.7082e+01
1.8940e+03 1.6856e+01
1.8950e+03 1.7248e+01
1.8960e+03 1.7046e+01
1.8970e+03 1.7213e+01
1.8980e+03 1.7061e+01
1.8990e+03 1.7026e+01
1.9000e+03 1.7027e+01
1.9010e+03 1.7067e+01
1.9020e+03 1.7136e+01
1.9030e+03 1.7387e+01
1.9040e+03 1.7329e+01
1.9050e+03 1.7230e+01
1.9060e+03 1.7502e+01
1.9070e+03 1.7666e+01
1.9080e+03 1.7111e+01
1.9090e+03 1.7440e+01
1.9100e+03 1.7428e+01
1.9110e+03 1.7761e+01
1.9120e+03 1.7079e+01
1.9130e+03 1.7762e+01
1.9140e+03 1.7583e+01
1.9150e+03 1.7780e+01
1.9160e+03 1.7586e+01
1.9170e+03 1.7826e+01
1.9180e+03 1.7682e+01
1.9190e+03 1.7939e+01
1.9200e+03 1.7916e+01
1.9210e+03 1.7625e+01
1.9220e+03 1.7700e+01
1.9230e+03 1.7835e+01
1.9240e+03 1.7683e+01
1.9250e+03 1.7789e+01
1.9260e+03 1.8215e+01
1.9270e+03 1.8288e+01
1.9280e+03 1.7819e+01
1.9290e+03 1.8081e+01
1.9300e+03 1.7813e+01
1.9310e+03 1.7977e+01
1.9320e+03 1.7975e+01
1.9330e+03 1.8190e+01
1.9340e+03 1.8155e+01
1.9350e+03 1.8179e+01
1.9360e+03 1.7758e+01
1.9370e+03 1.8383e+01
1.9380e+03 1.7746e+01
1.9390e+03 1.7991e+01
1.9400e+03 1.8418e+01
1.9410e+03 1.8578e+01
1.9420e+03 1.7983e+01
1.9430e+03 1.7965e+01
1.9440e+03 1.8179e+01
1.9450e+03 1.8887e+01
1.9460e+03 1.8547e+01
1.9470e+03 1.8746e+01
1.9480e+03 1.8562e+01
1.9490e+03 1.8386e+01
1.9500e+03 1.8294e+01
1.9510e+03 1.8639e+01
1.9520e+03 1.8431e+01
1.9530e+03 1.8618e+01
1.9540e+03 1.8875e+01
1.9550e+03 1.8433e+01
1.9560e+03 1.8443e+01
1.9570e+03 1.8724e+01
1.9580e+03 1.8613e+01
1.9590e+03 1.8763e+01
1.9600e+03 1.8664e+01
1.9610e+03 1.8813e+01
1.9620e+03 1.8608e+01
1.9630e+03 1.8784e+01
1.9640e+03 1.8868e+01
1.9650e+03 1.8936e+01
1.9660e+03 1.8858e+01
1.9670e+03 2.0132e+01
1.9680e+03 1.8172e+01
1.9690e+03 1.9165e+01
1.9700e+03 1.9746e+01
1.9710e+03 1.9280e+01
1.9720e+03 1.9361e+01
1.9730e+03 1.9187e+01
1.9740e+03 1.9221e+01
1.9750e+03 1.9594e+01
1.9760e+03 1.8612e+01
1.9770e+03 1.9346e+01
1.9780e+03 1.9121e+01
1.9790e+03 1.9234e+01
1.9800e+03 1.9123e+01
1.9810e+03 1.9652e+01
1.9820e+03 1.9232e+01
1.9830e+03 1.9504e+01
1.9840e+03 1.9130e+01
1.9850e+03 1.9703e+01
1.9860e+03 1.9423e+01
1.9870e+03 1.9583e+01
1.9880e+03 1.9848e+01
1.9890e+03 1.9723e+01
1.9900e+03 1.9403e+01
1.9910e+03 2.0045e+01
1.9920e+03 1.9624e+01
1.9930e+03 1.9682e+01
1.9940e+03 1.9998e+01
1.9950e+03 1.9994e+01
1.9960e+03 2.0100e+01
1.9970e+03 2.0462e+01
1.9980e+03 1.9678e+01
1.9990e+03 1.9986e+01
2.0000e+03 1.9438e+01
2.0010e+03 2.0122e+01
2.0020e+03 2.0639e+01
2.0030e+03 1.9874e+01
2.0040e+03 1.9733e+01
2.0050e+03 2.0362e+01
2.0060e+03 1.9922e+01
2.0070e+03 1.9802e+01
2.0080e+03 1.9487e+01
2.0090e+03 2.0849e+01
2.0100e+03 2.0153e+01
2.0110e+03 2.0017e+01
2.0120e+03 2.0059e+01
2.0130e+03 2.0450e+01
2.0140e+03 2.0603e+01
2.0150e+03 2.0572e+01
2.0160e+03 1.9903e+01
2.0170e+03 2.0649e+01
2.0180e+03 2.0538e+01
2.0190e+03 2.0283e+01
2.0200e+03 2.0369e+01
2.0210e+03 2.0817e+01
2.0220e+03 2.0306e+01
2.0230e+03 2.0505e+01
2.0240e+03 2.0198e+01
2.0250e+03 2.0723e+01
2.0260e+03 2.0394e+01
2.0270e+03 2.0988e+01
2.0280e+03 2.0244e+01
2.0290e+03 2.0581e+01
2.0300e+03 2.0735e+01
2.0310e+03 2.0619e+01
2.0320e+03 2.0198e+01
2.0330e+03 2.1401e+01
2.0340e+03 2.0649e+01
2.0350e+03 2.0499e+01
2.0360e+03 2.0615e+01
2.0370e+03 2.1382e+01
2.0380e+03 2.0602e+01
2.0390e+03 2.1460e+01
2.0400e+03 2.0652e+01
2.0410e+03 2.1045e+01
2.0420e+03 2.0650e+01
2.0430e+03 2.1563e+01
2.0440e+03 2.1327e+01
2.0450e+03 2.1031e+01
2.0460e+03 2.1260e+01
2.0470e+03 2.1551e+01
2.0480e+03 2.1190e+01
2.0490e+03 2.1532e+01
2.0500e+03 2.1643e+01
2.0510e+03 2.1250e+01
2.0520e+03 2.1582e+01
2.0530e+03 2.1641e+01
2.0540e+03 2.1467e+01
2.0550e+03 2.1529e+01
2.0560e+03 2.1163e+01
2.0570e+03 2.1875e+01
2.0580e+03 2.1456e+01
2.0590e+03 2.1799e+01
2.0600e+03 2.1417e+01
2.0610e+03 2.1620e+01
2.0620e+03 2.1586e+01
2.0630e+03 2.1919e+01
2.0640e+03 2.1633e+01
2.0650e+03 2.2165e+01
2.0660e+03 2.1750e+01
2.0670e+03 2.1768e+01
2.0680e+03 2.1718e+01
2.0690e+03 2.2165e+01
2.0700e+03 2.1848e+01
2.0710e+03 2.2222e+01
2.0720e+03 2.1320e+01
2.0730e+03 2.2043e+01
2.0740e+03 2.1920e+01
2.0750e+03 2.2068e+01
2.0760e+03 2.1763e+01
2.0770e+03 2.1950e+01
2.0780e+03 2.2090e+01
2.0790e+03 2.1991e+01
2.0800e+03 2.1956e+01
2.0810e+03 2.1777e+01
2.0820e+03 2.1855e+01
2.0830e+03 2.2091e+01
2.0840e+03 2.2156e+01
2.0850e+03 2.3057e+01
2.0860e+03 2.2404e+01
2.0870e+03 2.2419e+01
2.0880e+03 2.1643e+01
2.0890e+03 2.2608e+01
2.0900e+03 2.2556e+01
2.0910e+03 2.2384e+01
2.0920e+03 2.2030e+01
2.0930e+03 2.2800e+01
2.0940e+03 2.2426e+01
2.0950e+03 2.2481e+01
2.0960e+03 2.2347e+01
2.0970e+03 2.2535e+01
2.0980e+03 2.3155e+01
2.0990e+03 2.2796e+01
2.1000e+03 2.2398e+01
2.1010e+03 2.3307e+01
2.1020e+03 2.2731e+01
2.1030e+03 2.3022e+01
2.1040e+03 2.2525e+01
2.1050e+03 2.3232e+01
2.1060e+03 2.2833e+01
2.1070e+03 2.3730e+01
2.1080e+03 2.2710e+01
2.1090e+03 2.3187e+01
2.1100e+03 2.2710e+01
2.1110e+03 2.2709e+01
2.1120e+03 2.2816e+01
2.1130e+03 2.3192e+01
2.1140e+03 2.3328e+01
2.1150e+03 2.3264e+01
2.1160e+03 2.2392e+01
2.1170e+03 2.3604e+01
2.1180e+03 2.2966e+01
2.1190e+03 2.3533e+01
2.1200e+03 2.2953e+01
2.1210e+03 2.2716e+01
2.1220e+03 2.3491e+01
2.1230e+03 2.3703e+01
2.1240e+03 2.2891e+01
2.1250e+03 2.3841e+01
2.1260e+03 2.3149e+01
2.1270e+03 2.3484e+01
2.1280e+03 2.3783e+01
2.1290e+03 2.3187e+01
2.1300e+03 2.3445e+01
2.1310e+03 2.3551e+01
2.1320e+03 2.3394e+01
2.1330e+03 2.3933e+01
2.1340e+03 2.3788e+01
2.1350e+03 2.4113e+01
2.1360e+03 2.3462e+01
2.1370e+03 2.4022e+01
2.1380e+03 2.4141e+01
2.1390e+03 2.3848e+01
2.1400e+03 2.3849e+01
2.1410e+03 2.4373e+01
2.1420e+03 2.3655e+01
2.1430e+03 2.3949e+01
2.1440e+03 2.3602e+01
2.1450e+03 2.4071e+01
2.1460e+03 2.4304e+01
2.1470e+03 2.4990e+01
2.1480e+03 2.4248e+01
2.1490e+03 2.3528e+01
2.1500e+03 2.5290e+01
2.1510e+03 2.4991e+01
2.1520e+03 2.3696e+01
2.1530e+03 2.4992e+01
2.1540e+03 2.4236e+01
2.1550e+03 2.4783e+01
2.1560e+03 2.4605e+01
2.1570e+03 2.4371e+01
2.1580e+03 2.4136e+01
2.1590e+03 2.4784e+01
2.1600e+03 2.4812e+01
2.1610e+03 2.4844e+01
2.1620e+03 2.4734e+01
2.1630e+03 2.4900e+01
2.1640e+03 2.5207e+01
2.1650e+03 2.4995e+01
2.1660e+03 2.5278e+01
2.1670e+03 2.5524e+01
2.1680e+03 2.4577e+01
2.1690e+03 2.5714e+01
2.1700e+03 2.4757e+01
2.1710e+03 2.5147e+01
2.1720e+03 2.5004e+01
2.1730e+03 2.6114e+01
2.1740e+03 2.5481e+01
2.1750e+03 2.5315e+01
2.1760e+03 2.4854e+01
2.1770e+03 2.5898e+01
2.1780e+03 2.5217e+01
2.1790e+03 2.5831e+01
2.1800e+03 2.4726e+01
2.1810e+03 2.6101e+01
2.1820e+03 2.6056e+01
2.1830e+03 2.5420e+01
2.1840e+03 2.5332e+01
2.1850e+03 2.5697e+01
2.1860e+03 2.5967e+01
2.1870e+03 2.5676e+01
2.1880e+03 2.5952e+01
2.1890e+03 2.5528e+01
2.1900e+03 2.5424e+01
2.1910e+03 2.5990e+01
2.1920e+03 2.5619e+01
2.1930e+03 2.5008e+01
2.1940e+03 2.5257e+01
2.1950e+03 2.5688e+01
2.1960e+03 2.6486e+01
2.1970e+03 2.5639e+01
2.1980e+03 2.5812e+01
2.1990e+03 2.5814e+01
2.2000e+03 2.5336e+01
2.2010e+03 2.6607e+01
2.2020e+03 2.6080e+01
2.2030e+03 2.6046e+01
2.2040e+03 2.5962e+01
2.2050e+03 2.6456e+01
2.2060e+03 2.6387e+01
2.2070e+03 2.6553e+01
2.2080e+03 2.6097e+01
2.2090e+03 2.6614e+01
2.2100e+03 2.6291e+01
2.2110e+03 2.6125e+01
2.2120e+03 2.5749e+01
2.2130e+03 2.6802e+01
2.2140e+03 2.6454e+01
2.2150e+03 2.6914e+01
2.2160e+03 2.6149e+01
2.2170e+03 2.6802e+01
2.2180e+03 2.6085e+01
2.2190e+03 2.6928e+01
2.2200e+03 2.6369e+01
2.2210e+03 2.6916e+01
2.2220e+03 2.6668e+01
2.2230e+03 2.6531e+01
2.2240e+03 2.6467e+01
2.2250e+03 2.6684e+01
2.2260e+03 2.6564e+01
2.2270e+03 2.6663e+01
2.2280e+03 2.6550e+01
2.2290e+03 2.6767e+01
2.2300e+03 2.6937e+01
2.2310e+03 2.6377e+01
2.2320e+03 2.6452e+01
2.2330e+03 2.6940e+01
2.2340e+03 2.6949e+01
2.2350e+03 2.6468e+01
2.2360e+03 2.7546e+01
2.2370e+03 2.6549e+01
2.2380e+03 2.7256e+01
2.2390e+03 2.6341e+01
2.2400e+03 2.6766e+01
2.2410e+03 2.7071e+01
2.2420e+03 2.7373e+01
2.2430e+03 2.6798e+01
2.2440e+03 2.6611e+01
2.2450e+03 2.7216e+01
2.2460e+03 2.6909e+01
2.2470e+03 2.7328e+01
2.2480e+03 2.6327e+01
2.2490e+03 2.6893e+01
2.2500e+03 2.6992e+01
2.2510e+03 2.7365e+01
2.2520e+03 2.6925e+01
2.2530e+03 2.7054e+01
2.2540e+03 2.7220e+01
2.2550e+03 2.7343e+01
2.2560e+03 2.6212e+01
2.2570e+03 2.7463e+01
2.2580e+03 2.7673e+01
2.2590e+03 2.7077e+01
2.2600e+03 2.6920e+01
2.2610e+03 2.8198e+01
2.2620e+03 2.7458e+01
2.2630e+03 2.8029e+01
2.2640e+03 2.7511e+01
2.2650e+03 2.7660e+01
2.2660e+03 2.8112e+01
2.2670e+03 3.4987e+01
2.2680e+03 3.4710e+01
2.2690e+03 3.5496e+01
2.2700e+03 3.4932e+01
2.2710e+03 3.5588e+01
2.2720e+03 3.5018e+01
2.2730e+03 3.5497e+01
2.2740e+03 3.4716e+01
2.2750e+03 3.5808e+01
2.2760e+03 3.4982e+01
2.2770e+03 3.5784e+01
2.2780e+03 3.5436e+01
2.2790e+03 3.5581e+01
2.2800e+03 3.4916e+01
2.2810e+03 3.5800e+01
2.2820e+03 3.5509e+01
2.2830e+03 3.5933e+01
2.2840e+03 3.5008e+01
2.2850e+03 3.6360e+01
2.2860e+03 3.5957e+01
2.2870e+03 3.6041e+01
2.2880e+03 3.5812e+01
2.2890e+03 3.6004e+01
2.2900e+03 3.6300e+01
2.2910e+03 3.6571e+01
2.2920e+03 3.6233e+01
2.2930e+03 3.7431e+01
2.2940e+03 3.6116e+01
2.2950e+03 3.6532e+01
2.2960e+03 3.6214e+01
2.2970e+03 3.6594e+01
2.2980e+03 3.6215e+01
2.2990e+03 3.6924e+01
2.3000e+03 3.5589e+01
2.3010e+03 3.6819e+01
2.3020e+03 3.6218e+01
2.3030e+03 3.6398e+01
2.3040e+03 3.5958e+01
2.3050e+03 3.6843e+01
2.3060e+03 3.6400e+01
2.3070e+03 3.0298e+01
2.3080e+03 1.6262e+01
2.3090e+03 1.5976e+01
2.3100e+03 1.5750e+01
2.3110e+03 1.5708e+01
2.3120e+03 1.5584e+01
2.3130e+03 1.5838e+01
2.3140e+03 1.5619e+01
2.3150e+03 1.5695e+01
2.3160e+03 1.6166e+01
2.3170e+03 1.6063e+01
2.3180e+03 1.5890e+01
2.3190e+03 1.6157e+01
2.3200e+03 1.5863e+01
2.3210e+03 1.6143e+01
2.3220e+03 1.6059e+01
2.3230e+03 1.5986e+01
2.3240e+03 1.5840e+01
2.3250e+03 1.6489e+01
2.3260e+03 1.6142e+01
2.3270e+03 1.6515e+01
2.3280e+03 1.7005e+01
2.3290e+03 1.6586e+01
2.3300e+03 1.7007e+01
2.3310e+03 1.6891e+01
2.3320e+03 1.6981e+01
2.3330e+03 1.6978e+01
2.3340e+03 1.6746e+01
2.3350e+03 1.6905e+01
2.3360e+03 1.6289e+01
2.3370e+03 1.7028e+01
2.3380e+03 1.6648e+01
2.3390e+03 1.6589e+01
2.3400e+03 1.6891e+01
2.3410e+03 1.7157e+01
2.3420e+03 1.6195e+01
2.3430e+03 1.6523e+01
2.3440e+03 1.5897e+01
2.3450e+03 1.6523e+01
2.3460e+03 1.6515e+01
2.3470e+03 1.6340e+01
2.3480e+03 1.6138e+01
2.3490e+03 1.6149e+01
2.3500e+03 1.5786e+01
2.3510e+03 1.5922e+01
2.3520e+03 1.6016e+01
2.3530e+03 1.6348e+01
2.3540e+03 1.6083e+01
2.3550e+03 1.6162e+01
2.3560e+03 1.6041e+01
2.3570e+03 1.6906e+01
2.3580e+03 1.6331e+01
2.3590e+03 1.6131e+01
2.3600e+03 1.6205e+01
2.3610e+03 1.6355e+01
2.3620e+03 1.5944e+01
2.3630e+03 1.6227e+01
2.3640e+03 1.6201e+01
2.3650e+03 1.6249e+01
2.3660e+03 1.6111e+01
2.3670e+03 1.6477e+01
2.3680e+03 1.6026e+01
2.3690e+03 1.6366e+01
2.3700e+03 1.6627e+01
2.3710e+03 1.6433e+01
2.3720e+03 1.6082e+01
2.3730e+03 1.6903e+01
2.3740e+03 1.6178e+01
2.3750e+03 1.6515e+01
2.3760e+03 1.6421e+01
2.3770e+03 1.6549e+01
2.3780e+03 1.6422e+01
2.3790e+03 1.6351e+01
2.3800e+03 1.6483e+01
2.3810e+03 1.6867e+01
2.3820e+03 1.6477e+01
2.3830e+03 1.6441e+01
2.3840e+03 1.6598e+01
2.3850e+03 1.6581e+01
2.3860e+03 1.6719e+01
2.3870e+03 1.6693e+01
2.3880e+03 1.6793e+01
2.3890e+03 1.6870e+01
2.3900e+03 1.6546e+01
2.3910e+03 1.6980e+01
2.3920e+03 1.6398e+01
2.3930e+03 1.7170e+01
2.3940e+03 1.6898e+01
2.3950e+03 1.7056e+01
2.3960e+03 1.6853e+01
2.3970e+03 1.6743e+01
2.3980e+03 1.6770e+01
2.3990e+03 1.7396e+01
2.4000e+03 1.7200e+01
2.4010e+03 1.7146e+01
2.4020e+03 1.6708e+01
2.4030e+03 1.7613e+01
2.4040e+03 1.7080e+01
2.4050e+03 1.7480e+01
2.4060e+03 1.7450e+01
2.4070e+03 1.8045e+01
2.4080e+03 1.6989e+01
2.4090e+03 1.7134e+01
2.4100e+03 1.8621e+01
2.4110e+03 1.8705e+01
2.4120e+03 1.8055e+01
2.4130e+03 1.8264e+01
2.4140e+03 1.7661e+01
2.4150e+03 1.8360e+01
2.4160e+03 1.8424e+01
2.4170e+03 2.0590e+01
2.4180e+03 1.8458e+01
2.4190e+03 1.8011e+01
2.4200e+03 1.8141e+01
2.4210e+03 1.9000e+01
2.4220e+03 1.8727e+01
2.4230e+03 1.9162e+01
2.4240e+03 1.8881e+01
2.4250e+03 1.9509e+01
2.4260e+03 1.9177e+01
2.4270e+03 1.8780e+01
2.4280e+03 1.8832e+01
2.4290e+03 1.8559e+01
2.4300e+03 1.8441e+01
2.4310e+03 1.8513e+01
2.4320e+03 1.8525e+01
2.4330e+03 1.8332e+01
2.4340e+03 1.8526e+01
2.4350e+03 1.8452e+01
2.4360e+03 1.8464e+01
2.4370e+03 1.8635e+01
2.4380e+03 1.8110e+01
2.4390e+03 1.8400e+01
2.4400e+03 1.8296e+01
2.4410e+03 1.8056e+01
2.4420e+03 1.8186e+01
2.4430e+03 1.8383e+01
2.4440e+03 1.8436e+01
2.4450e+03 1.8496e+01
2.4460e+03 1.8155e+01
2.4470e+03 1.8045e+01
2.4480e+03 1.7988e+01
2.4490e+03 1.8373e+01
2.4500e+03 1.8247e+01
2.4510e+03 1.8335e+01
2.4520e+03 1.8257e+01
2.4530e+03 1.8427e+01
2.4540e+03 1.8218e+01
2.4550e+03 1.8229e+01
2.4560e+03 1.8141e+01
2.4570e+03 1.8472e+01
2.4580e+03 1.8450e+01
2.4590e+03 1.8355e+01
2.4600e+03 1.8262e+01
2.4610e+03 1.8383e+01
2.4620e+03 1.8141e+01
2.4630e+03 1.8240e+01
2.4640e+03 1.8322e+01
2.4650e+03 1.8761e+01
2.4660e+03 1.9779e+01
2.4670e+03 1.9319e+01
2.4680e+03 1.9544e+01
2.4690e+03 2.0036e+01
2.4700e+03 1.9786e+01
2.4710e+03 1.9775e+01
2.4720e+03 1.9012e+01
2.4730e+03 1.9105e+01
2.4740e+03 1.9862e+01
2.4750e+03 1.9616e+01
2.4760e+03 1.9692e+01
2.4770e+03 1.9701e+01
2.4780e+03 2.0362e+01
2.4790e+03 1.9855e+01
2.4800e+03 1.8885e+01
2.4810e+03 1.8812e+01
2.4820e+03 1.8647e+01
2.4830e+03 1.8921e+01
2.4840e+03 1.8723e+01
2.4850e+03 1.9290e+01
2.4860e+03 1.8692e+01
2.4870e+03 1.8898e+01
2.4880e+03 1.8818e+01
2.4890e+03 1.9253e+01
2.4900e+03 1.9090e+01
2.4910e+03 1.9077e+01
2.4920e+03 1.8800e+01
2.4930e+03 1.9139e+01
2.4940e+03 1.9100e+01
2.4950e+03 1.9162e+01
2.4960e+03 1.9570e+01
2.4970e+03 1.9075e+01
2.4980e+03 1.9054e+01
2.4990e+03 1.9409e+01
2.5000e+03 1.9295e+01
2.5010e+03 1.9070e+01
2.5020e+03 1.9370e+01
2.5030e+03 1.8714e+01
2.5040e+03 1.8432e+01
2.5050e+03 1.8840e+01
2.5060e+03 1.8669e+01
2.5070e+03 1.8912e+01
2.5080e+03 1.8705e+01
2.5090e+03 1.8835e+01
2.5100e+03 1.8999e+01
2.5110e+03 1.8862e+01
2.5120e+03 1.8614e+01
2.5130e+03 1.8894e+01
2.5140e+03 1.8894e+01
2.5150e+03 1.9177e+01
2.5160e+03 1.9026e+01
2.5170e+03 1.8881e+01
2.5180e+03 1.8915e+01
2.5190e+03 1.9307e+01
2.5200e+03 1.9036e+01
2.5210e+03 1.9113e+01
2.5220e+03 1.9150e+01
2.5230e+03 1.9267e+01
2.5240e+03 1.8888e+01
2.5250e+03 1.9506e+01
2.5260e+03 1.8982e+01
2.5270e+03 1.9430e+01
2.5280e+03 1.9051e+01
2.5290e+03 1.9579e+01
2.5300e+03 1.9156e+01
2.5310e+03 1.9563e+01
2.5320e+03 1.9246e+01
2.5330e+03 1.9564e+01
2.5340e+03 1.9469e+01
2.5350e+03 1.9576e+01
2.5360e+03 1.9364e+01
2.5370e+03 1.9837e+01
2.5380e+03 1.9441e+01
2.5390e+03 1.9152e+01
2.5400e+03 2.0268e+01
2.5410e+03 1.9354e+01
2.5420e+03 1.9358e+01
2.5430e+03 1.9983e+01
2.5440e+03 1.8934e+01
2.5450e+03 2.0692e+01
2.5460e+03 1.9433e+01
2.5470e+03 1.9726e+01
2.5480e+03 1.9631e+01
2.5490e+03 1.9622e+01
2.5500e+03 1.8965e+01
2.5510e+03 2.0368e+01
2.5520e+03 1.9055e+01
2.5530e+03 1.9722e+01
2.5540e+03 1.9813e+01
2.5550e+03 1.9712e+01
2.5560e+03 1.9516e+01
2.5570e+03 2.0259e+01
2.5580e+03 1.9514e+01
2.5590e+03 2.0148e+01
2.5600e+03 1.9636e+01
2.5610e+03 1.9336e+01
2.5620e+03 1.9542e+01
2.5630e+03 1.9303e+01
2.5640e+03 2.1500e+01
2.5650e+03 2.1483e+01
2.5660e+03 2.0908e+01
2.5670e+03 2.0049e+01
2.5680e+03 1.9907e+01
2.5690e+03 2.0010e+01
2.5700e+03 2.0100e+01
2.5710e+03 2.0297e+01
2.5720e+03 2.0192e+01
2.5730e+03 2.0471e+01
2.5740e+03 2.0062e+01
2.5750e+03 1.9948e+01
2.5760e+03 2.0414e+01
2.5770e+03 2.0072e+01
2.5780e+03 2.0235e+01
2.5790e+03 2.0135e+01
2.5800e+03 2.0167e+01
2.5810e+03 1.9996e+01
2.5820e+03 2.0839e+01
2.5830e+03 2.0351e+01
2.5840e+03 2.0434e+01
2.5850e+03 2.0534e+01
2.5860e+03 2.0595e+01
2.5870e+03 2.0178e+01
2.5880e+03 2.0348e+01
2.5890e+03 1.9930e+01
2.5900e+03 2.0072e+01
2.5910e+03 2.0632e+01
2.5920e+03 2.1264e+01
2.5930e+03 2.1599e+01
2.5940e+03 2.1804e+01
2.5950e+03 2.1915e+01
2.5960e+03 2.1932e+01
2.5970e+03 2.1978e+01
2.5980e+03 2.1549e+01
2.5990e+03 2.2734e+01
2.6000e+03 2.3393e+01
2.6010e+03 2.2627e+01
2.6020e+03 2.2808e+01
2.6030e+03 2.2927e+01
2.6040e+03 2.2836e+01
2.6050e+03 2.2510e+01
2.6060e+03 2.2996e+01
2.6070e+03 2.3158e+01
2.6080e+03 2.3296e+01
2.6090e+03 2.3347e+01
2.6100e+03 2.2975e+01
2.6110e+03 2.2906e+01
2.6120e+03 2.3243e+01
2.6130e+03 2.3134e+01
2.6140e+03 2.3387e+01
2.6150e+03 2.3525e+01
2.6160e+03 2.3668e+01
2.6170e+03 2.3388e+01
2.6180e+03 2.3300e+01
2.6190e+03 2.3335e+01
2.6200e+03 2.3459e+01
2.6210e+03 2.2710e+01
2.6220e+03 2.3370e+01
2.6230e+03 2.2856e+01
2.6240e+03 2.1977e+01
2.6250e+03 2.2240e+01
2.6260e+03 2.0780e+01
2.6270e+03 2.1064e+01
2.6280e+03 2.0844e+01
2.6290e+03 2.1371e+01
2.6300e+03 2.0487e+01
2.6310e+03 2.0791e+01
2.6320e+03 2.1615e+01
2.6330e+03 2.1330e+01
2.6340e+03 2.1350e+01
2.6350e+03 2.1739e+01
2.6360e+03 2.1196e+01
2.6370e+03 2.1290e+01
2.6380e+03 2.3973e+01
2.6390e+03 2.3787e+01
2.6400e+03 2.3838e+01
2.6410e+03 2.3784e+01
2.6420e+03 2.3897e+01
2.6430e+03 2.3654e+01
2.6440e+03 2.3811e+01
2.6450e+03 2.3819e+01
2.6460e+03 2.3635e+01
2.6470e+03 2.3234e+01
2.6480e+03 2.3782e+01
2.6490e+03 2.3889e+01
2.6500e+03 2.3819e+01
2.6510e+03 2.3748e+01
2.6520e+03 2.3523e+01
2.6530e+03 2.3741e+01
2.6540e+03 2.4182e+01
2.6550e+03 2.3762e+01
2.6560e+03 2.3938e+01
2.6570e+03 2.4473e+01
2.6580e+03 2.3802e+01
2.6590e+03 2.3243e+01
2.6600e+03 2.4253e+01
2.6610e+03 2.3846e+01
2.6620e+03 2.4254e+01
2.6630e+03 2.4238e+01
2.6640e+03 2.4171e+01
2.6650e+03 2.4553e+01
2.6660e+03 2.4257e+01
2.6670e+03 2.4440e+01
2.6680e+03 2.4509e+01
2.6690e+03 2.4171e+01
2.6700e+03 2.4418e+01
2.6710e+03 2.3966e+01
2.6720e+03 2.4345e+01
2.6730e+03 2.3393e+01
2.6740e+03 2.2149e+01
2.6750e+03 2.1770e+01
2.6760e+03 2.1786e+01
2.6770e+03 2.1829e+01
2.6780e+03 2.1964e+01
2.6790e+03 2.1727e+01
2.6800e+03 2.1607e+01
2.6810e+03 2.2200e+01
2.6820e+03 2.1921e+01
2.6830e+03 2.2617e+01
2.6840e+03 2.2298e+01
2.6850e+03 2.3050e+01
