2.0000e+00 1.5530e-03
2.0000e+00 1.5530e-03
3.0000e+00 1.8690e-03
4.0000e+00 1.9650e-03
5.0000e+00 2.0460e-03
6.0000e+00 2.2790e-03
7.0000e+00 2.2860e-03
8.0000e+00 2.1410e-03
9.0000e+00 2.0560e-03
1.0000e+01 4.6130e-03
1.1000e+01 5.2790e-03
1.2000e+01 4.8910e-03
1.3000e+01 3.6000e-03
1.4000e+01 3.1400e-03
1.5000e+01 2.2870e-03
1.6000e+01 2.2650e-03
1.7000e+01 2.2060e-03
1.8000e+01 2.2860e-03
1.9000e+01 2.5090e-03
2.0000e+01 2.3070e-03
2.1000e+01 2.1720e-03
2.2000e+01 2.0370e-03
2.3000e+01 2.0780e-03
2.4000e+01 2.6020e-03
2.5000e+01 2.2740e-03
2.6000e+01 2.2540e-03
2.7000e+01 2.2830e-03
2.8000e+01 2.3240e-03
2.9000e+01 2.6500e-03
3.0000e+01 2.4240e-03
3.1000e+01 2.3800e-03
3.2000e+01 3.1370e-03
3.3000e+01 2.9690e-03
3.4000e+01 2.6990e-03
3.5000e+01 2.4920e-03
3.6000e+01 2.4860e-03
3.7000e+01 2.9200e-03
3.8000e+01 2.5340e-03
3.9000e+01 2.6710e-03
4.0000e+01 2.7500e-03
4.1000e+01 2.8980e-03
4.2000e+01 2.6630e-03
4.3000e+01 2.6670e-03
4.4000e+01 2.8050e-03
4.5000e+01 3.0440e-03
4.6000e+01 2.8890e-03
4.7000e+01 2.9850e-03
4.8000e+01 2.7810e-03
4.9000e+01 3.2940e-03
5.0000e+01 2.7440e-03
5.1000e+01 3.0230e-03
5.2000e+01 2.8630e-03
5.3000e+01 3.1320e-03
5.4000e+01 3.0140e-03
5.5000e+01 3.1660e-03
5.6000e+01 3.1090e-03
5.7000e+01 3.2270e-03
5.8000e+01 3.1010e-03
5.9000e+01 3.3870e-03
6.0000e+01 2.9900e-03
6.1000e+01 3.2580e-03
6.2000e+01 3.2290e-03
6.3000e+01 3.3670e-03
6.4000e+01 3.5600e-03
6.5000e+01 4.0220e-03
6.6000e+01 3.9460e-03
6.7000e+01 3.5930e-03
6.8000e+01 3.5000e-03
6.9000e+01 4.0580e-03
7.0000e+01 3.7510e-03
7.1000e+01 4.0470e-03
7.2000e+01 3.9530e-03
7.3000e+01 3.7830e-03
7.4000e+01 4.2220e-03
7.5000e+01 5.1890e-03
7.6000e+01 4.6730e-03
7.7000e+01 4.5820e-03
7.8000e+01 5.7280e-03
7.9000e+01 4.7650e-03
8.0000e+01 5.2330e-03
8.1000e+01 5.1440e-03
8.2000e+01 4.2890e-03
8.3000e+01 4.6930e-03
8.4000e+01 4.6320e-03
8.5000e+01 4.6340e-03
8.6000e+01 4.5210e-03
8.7000e+01 4.7730e-03
8.8000e+01 4.1770e-03
8.9000e+01 4.7780e-03
9.0000e+01 4.9100e-03
9.1000e+01 4.7290e-03
9.2000e+01 4.9820e-03
9.3000e+01 5.1060e-03
9.4000e+01 4.8770e-03
9.5000e+01 5.2830e-03
9.6000e+01 7.4430e-03
9.7000e+01 5.4390e-03
9.8000e+01 5.2440e-03
9.9000e+01 5.9620e-03
1.0000e+02 5.8390e-03
1.0100e+02 6.0250e-03
1.0200e+02 5.4180e-03
1.0300e+02 6.1200e-03
1.0400e+02 5.6390e-03
1.0500e+02 5.9680e-03
1.0600e+02 5.5580e-03
1.0700e+02 6.2760e-03
1.0800e+02 5.6050e-03
1.0900e+02 6.5130e-03
1.1000e+02 6.1300e-03
1.1100e+02 6.4240e-03
1.1200e+02 6.3360e-03
1.1300e+02 6.5390e-03
1.1400e+02 6.5760e-03
1.1500e+02 6.7320e-03
1.1600e+02 6.5050e-03
1.1700e+02 7.1220e-03
1.1800e+02 6.2980e-03
1.1900e+02 7.2960e-03
1.2000e+02 6.4800e-03
1.2100e+02 6.6260e-03
1.2200e+02 6.8680e-03
1.2300e+02 1.0592e-02
1.2400e+02 9.4980e-03
1.2500e+02 8.4140e-03
1.2600e+02 7.6080e-03
1.2700e+02 7.3530e-03
1.2800e+02 8.1650e-03
1.2900e+02 8.0800e-03
1.3000e+02 8.2470e-03
1.3100e+02 8.5510e-03
1.3200e+02 8.8240e-03
1.3300e+02 8.5070e-03
1.3400e+02 8.5850e-03
1.3500e+02 9.0600e-03
1.3600e+02 1.0670e-02
1.3700e+02 8.9570e-03
1.3800e+02 8.5090e-03
1.3900e+02 9.1610e-03
1.4000e+02 8.5480e-03
1.4100e+02 9.1590e-03
1.4200e+02 9.6600e-03
1.4300e+02 1.0156e-02
1.4400e+02 9.6920e-03
1.4500e+02 9.3800e-03
1.4600e+02 1.1552e-02
1.4700e+02 9.3690e-03
1.4800e+02 9.7880e-03
1.4900e+02 1.0150e-02
1.5000e+02 1.0318e-02
1.5100e+02 1.0164e-02
1.5200e+02 1.0557e-02
1.5300e+02 1.0560e-02
1.5400e+02 1.0216e-02
1.5500e+02 1.3422e-02
1.5600e+02 1.0280e-02
1.5700e+02 1.0617e-02
1.5800e+02 1.0805e-02
1.5900e+02 1.1768e-02
1.6000e+02 1.0739e-02
1.6100e+02 1.2092e-02
1.6200e+02 1.1630e-02
1.6300e+02 1.1070e-02
1.6400e+02 1.0830e-02
1.6500e+02 1.1859e-02
1.6600e+02 1.2753e-02
1.6700e+02 1.2340e-02
1.6800e+02 1.1327e-02
1.6900e+02 1.2093e-02
1.7000e+02 1.2496e-02
1.7100e+02 1.1885e-02
1.7200e+02 1.2768e-02
1.7300e+02 1.2807e-02
1.7400e+02 1.7521e-02
1.7500e+02 1.3638e-02
1.7600e+02 1.1982e-02
1.7700e+02 1.3287e-02
1.7800e+02 1.3164e-02
1.7900e+02 1.3917e-02
1.8000e+02 1.4183e-02
1.8100e+02 1.3132e-02
1.8200e+02 1.3236e-02
1.8300e+02 1.5622e-02
1.8400e+02 1.4083e-02
1.8500e+02 1.5668e-02
1.8600e+02 1.3546e-02
1.8700e+02 1.3899e-02
1.8800e+02 1.4042e-02
1.8900e+02 1.4519e-02
1.9000e+02 1.5441e-02
1.9100e+02 1.4576e-02
1.9200e+02 1.4480e-02
1.9300e+02 1.4891e-02
1.9400e+02 1.7896e-02
1.9500e+02 1.5120e-02
1.9600e+02 1.4747e-02
1.9700e+02 1.4848e-02
1.9800e+02 1.6230e-02
1.9900e+02 1.5424e-02
2.0000e+02 1.5551e-02
2.0100e+02 1.4919e-02
2.0200e+02 1.6006e-02
2.0300e+02 1.7980e-02
2.0400e+02 1.5898e-02
2.0500e+02 1.6265e-02
2.0600e+02 1.5501e-02
2.0700e+02 1.6940e-02
2.0800e+02 1.5675e-02
2.0900e+02 1.7305e-02
2.1000e+02 1.8416e-02
2.1100e+02 2.0897e-02
2.1200e+02 1.7695e-02
2.1300e+02 1.7292e-02
2.1400e+02 1.6532e-02
2.1500e+02 1.7017e-02
2.1600e+02 1.9386e-02
2.1700e+02 1.7048e-02
2.1800e+02 1.6743e-02
2.1900e+02 1.9762e-02
2.2000e+02 1.8102e-02
2.2100e+02 1.9547e-02
2.2200e+02 2.1066e-02
2.2300e+02 1.9373e-02
2.2400e+02 2.2011e-02
2.2500e+02 1.8450e-02
2.2600e+02 2.2605e-02
2.2700e+02 1.9377e-02
2.2800e+02 1.9203e-02
2.2900e+02 2.0519e-02
2.3000e+02 1.9736e-02
2.3100e+02 2.0945e-02
2.3200e+02 1.9327e-02
2.3300e+02 2.1117e-02
2.3400e+02 1.9558e-02
2.3500e+02 2.4286e-02
2.3600e+02 1.9258e-02
2.3700e+02 1.9949e-02
2.3800e+02 2.1202e-02
2.3900e+02 2.5264e-02
2.4000e+02 2.1411e-02
2.4100e+02 2.1442e-02
2.4200e+02 2.1286e-02
2.4300e+02 2.0698e-02
2.4400e+02 2.1011e-02
2.4500e+02 2.2262e-02
2.4600e+02 2.2503e-02
2.4700e+02 2.2780e-02
2.4800e+02 2.5613e-02
2.4900e+02 2.4105e-02
2.5000e+02 2.8760e-02
2.5100e+02 2.3050e-02
2.5200e+02 2.5103e-02
2.5300e+02 2.4920e-02
2.5400e+02 2.3984e-02
2.5500e+02 2.3294e-02
2.5600e+02 2.4001e-02
2.5700e+02 3.6682e-02
2.5800e+02 3.5932e-02
2.5900e+02 3.7942e-02
2.6000e+02 3.7512e-02
2.6100e+02 3.6711e-02
2.6200e+02 4.6521e-02
2.6300e+02 3.6619e-02
2.6400e+02 3.5253e-02
2.6500e+02 3.7864e-02
2.6600e+02 3.6969e-02
2.6700e+02 4.0003e-02
2.6800e+02 4.0364e-02
2.6900e+02 4.0641e-02
2.7000e+02 4.1028e-02
2.7100e+02 3.8635e-02
2.7200e+02 3.8954e-02
2.7300e+02 4.3160e-02
2.7400e+02 4.1817e-02
2.7500e+02 4.5120e-02
2.7600e+02 4.4239e-02
2.7700e+02 5.7704e-02
2.7800e+02 4.5963e-02
2.7900e+02 4.1140e-02
2.8000e+02 3.6379e-02
2.8100e+02 4.3285e-02
2.8200e+02 3.7546e-02
2.8300e+02 3.9396e-02
2.8400e+02 3.8942e-02
2.8500e+02 3.9021e-02
2.8600e+02 3.9195e-02
2.8700e+02 4.3711e-02
2.8800e+02 4.1626e-02
2.8900e+02 4.3507e-02
2.9000e+02 4.3845e-02
2.9100e+02 5.0493e-02
2.9200e+02 4.3561e-02
2.9300e+02 4.3368e-02
2.9400e+02 4.8537e-02
2.9500e+02 5.3560e-02
2.9600e+02 4.5246e-02
2.9700e+02 4.6413e-02
2.9800e+02 4.4941e-02
2.9900e+02 4.8728e-02
3.0000e+02 4.8125e-02
3.0100e+02 4.9288e-02
3.0200e+02 4.6870e-02
3.0300e+02 5.0305e-02
3.0400e+02 5.8462e-02
3.0500e+02 4.9034e-02
3.0600e+02 4.8121e-02
3.0700e+02 4.9218e-02
3.0800e+02 4.9597e-02
3.0900e+02 5.0552e-02
3.1000e+02 4.7087e-02
3.1100e+02 5.1022e-02
3.1200e+02 4.9863e-02
3.1300e+02 5.0898e-02
3.1400e+02 5.1185e-02
3.1500e+02 5.4670e-02
3.1600e+02 5.0478e-02
3.1700e+02 6.3553e-02
3.1800e+02 5.3071e-02
3.1900e+02 5.1345e-02
3.2000e+02 5.2617e-02
3.2100e+02 5.6228e-02
3.2200e+02 5.4044e-02
3.2300e+02 5.2775e-02
3.2400e+02 5.5127e-02
3.2500e+02 5.7041e-02
3.2600e+02 5.3941e-02
3.2700e+02 5.6086e-02
3.2800e+02 5.4344e-02
3.2900e+02 7.2419e-02
3.3000e+02 6.2313e-02
3.3100e+02 6.3800e-02
3.3200e+02 6.7558e-02
3.3300e+02 6.8920e-02
3.3400e+02 6.7285e-02
3.3500e+02 6.4569e-02
3.3600e+02 5.9294e-02
3.3700e+02 6.0539e-02
3.3800e+02 5.7868e-02
3.3900e+02 5.9858e-02
3.4000e+02 6.8153e-02
3.4100e+02 6.0032e-02
3.4200e+02 6.7831e-02
3.4300e+02 6.2008e-02
3.4400e+02 6.3499e-02
3.4500e+02 6.0089e-02
3.4600e+02 6.1558e-02
3.4700e+02 6.5938e-02
3.4800e+02 6.4544e-02
3.4900e+02 6.5677e-02
3.5000e+02 6.4766e-02
3.5100e+02 7.7512e-02
3.5200e+02 6.3244e-02
3.5300e+02 6.3661e-02
3.5400e+02 6.5098e-02
3.5500e+02 6.4201e-02
3.5600e+02 6.7518e-02
3.5700e+02 6.9109e-02
3.5800e+02 6.2812e-02
3.5900e+02 6.7433e-02
3.6000e+02 6.6853e-02
3.6100e+02 6.8904e-02
3.6200e+02 7.8642e-02
3.6300e+02 6.9734e-02
3.6400e+02 7.0382e-02
3.6500e+02 7.0183e-02
3.6600e+02 6.8871e-02
3.6700e+02 7.0506e-02
3.6800e+02 7.3202e-02
3.6900e+02 6.9191e-02
3.7000e+02 7.2306e-02
3.7100e+02 8.2347e-02
3.7200e+02 9.7286e-02
3.7300e+02 7.6952e-02
3.7400e+02 7.2896e-02
3.7500e+02 7.7709e-02
3.7600e+02 7.3712e-02
3.7700e+02 7.5321e-02
3.7800e+02 7.4671e-02
3.7900e+02 8.1563e-02
3.8000e+02 7.5170e-02
3.8100e+02 9.0286e-02
3.8200e+02 8.8154e-02
3.8300e+02 8.1869e-02
3.8400e+02 8.1738e-02
3.8500e+02 7.8061e-02
3.8600e+02 7.9136e-02
3.8700e+02 8.1670e-02
3.8800e+02 7.5881e-02
3.8900e+02 8.1924e-02
3.9000e+02 8.5758e-02
3.9100e+02 9.5481e-02
3.9200e+02 8.2764e-02
3.9300e+02 8.2376e-02
3.9400e+02 8.2052e-02
3.9500e+02 8.6113e-02
3.9600e+02 8.2126e-02
3.9700e+02 8.8297e-02
3.9800e+02 8.1412e-02
3.9900e+02 8.8015e-02
4.0000e+02 1.0269e-01
4.0100e+02 8.9656e-02
4.0200e+02 8.8504e-02
4.0300e+02 8.7456e-02
4.0400e+02 8.6941e-02
4.0500e+02 9.4051e-02
4.0600e+02 8.9711e-02
4.0700e+02 9.5375e-02
4.0800e+02 1.1796e-01
4.0900e+02 1.1030e-01
4.1000e+02 9.9997e-02
4.1100e+02 1.0666e-01
4.1200e+02 1.0334e-01
4.1300e+02 9.5751e-02
4.1400e+02 9.2533e-02
4.1500e+02 9.7298e-02
4.1600e+02 1.1290e-01
4.1700e+02 9.6249e-02
4.1800e+02 9.9799e-02
4.1900e+02 9.6423e-02
4.2000e+02 9.5760e-02
4.2100e+02 1.0065e-01
4.2200e+02 9.8133e-02
4.2300e+02 9.9911e-02
4.2400e+02 1.0655e-01
4.2500e+02 9.8517e-02
4.2600e+02 9.8420e-02
4.2700e+02 1.0252e-01
4.2800e+02 9.9793e-02
4.2900e+02 1.0497e-01
4.3000e+02 9.9655e-02
4.3100e+02 1.0140e-01
4.3200e+02 1.1271e-01
4.3300e+02 1.0111e-01
4.3400e+02 9.9141e-02
4.3500e+02 1.0541e-01
4.3600e+02 1.0437e-01
4.3700e+02 1.1092e-01
4.3800e+02 1.1045e-01
4.3900e+02 1.2450e-01
4.4000e+02 1.2673e-01
4.4100e+02 1.1989e-01
4.4200e+02 1.2464e-01
4.4300e+02 1.1831e-01
4.4400e+02 1.1122e-01
4.4500e+02 1.1316e-01
4.4600e+02 1.2318e-01
4.4700e+02 1.2313e-01
4.4800e+02 1.0917e-01
4.4900e+02 1.1024e-01
4.5000e+02 1.0917e-01
4.5100e+02 1.1694e-01
4.5200e+02 1.1451e-01
4.5300e+02 1.1540e-01
4.5400e+02 1.1443e-01
4.5500e+02 1.2242e-01
4.5600e+02 1.1618e-01
4.5700e+02 1.1130e-01
4.5800e+02 1.1858e-01
4.5900e+02 1.1858e-01
4.6000e+02 1.2257e-01
4.6100e+02 1.2344e-01
4.6200e+02 1.4683e-01
4.6300e+02 1.2050e-01
4.6400e+02 1.2392e-01
4.6500e+02 1.2282e-01
4.6600e+02 1.2935e-01
4.6700e+02 1.3932e-01
4.6800e+02 1.5067e-01
4.6900e+02 1.5362e-01
4.7000e+02 1.3779e-01
4.7100e+02 1.2739e-01
4.7200e+02 1.2776e-01
4.7300e+02 1.5804e-01
4.7400e+02 1.2600e-01
4.7500e+02 1.3296e-01
4.7600e+02 1.3135e-01
4.7700e+02 1.3300e-01
4.7800e+02 1.2889e-01
4.7900e+02 1.5788e-01
4.8000e+02 1.3321e-01
4.8100e+02 1.3911e-01
4.8200e+02 1.4731e-01
4.8300e+02 1.4219e-01
4.8400e+02 1.3975e-01
4.8500e+02 1.3811e-01
4.8600e+02 1.8339e-01
4.8700e+02 1.8367e-01
4.8800e+02 1.8922e-01
4.8900e+02 1.9339e-01
4.9000e+02 1.9053e-01
4.9100e+02 1.9571e-01
4.9200e+02 1.4473e-01
4.9300e+02 1.7199e-01
4.9400e+02 1.4558e-01
4.9500e+02 1.4591e-01
4.9600e+02 1.4973e-01
4.9700e+02 1.5543e-01
4.9800e+02 1.5469e-01
4.9900e+02 1.6197e-01
5.0000e+02 1.5173e-01
5.0100e+02 1.6102e-01
