2.0000e+00 1.7504e-02
2.0000e+00 1.7504e-02
3.0000e+00 1.1417e-02
4.0000e+00 2.1512e-02
5.0000e+00 1.1415e-02
6.0000e+00 1.3871e-02
7.0000e+00 1.6297e-02
8.0000e+00 1.5757e-02
9.0000e+00 1.3284e-02
1.0000e+01 1.3569e-02
1.1000e+01 1.4029e-02
1.2000e+01 1.5804e-02
1.3000e+01 1.3939e-02
1.4000e+01 1.3326e-02
1.5000e+01 1.3618e-02
1.6000e+01 1.4180e-02
1.7000e+01 1.3736e-02
1.8000e+01 1.8747e-02
1.9000e+01 2.1062e-02
2.0000e+01 2.0688e-02
2.1000e+01 2.0784e-02
2.2000e+01 1.4764e-02
2.3000e+01 1.5599e-02
2.4000e+01 1.5750e-02
2.5000e+01 1.4950e-02
2.6000e+01 1.7036e-02
2.7000e+01 1.5871e-02
2.8000e+01 1.5656e-02
2.9000e+01 1.4404e-02
3.0000e+01 1.3530e-02
3.1000e+01 1.2229e-02
3.2000e+01 1.3555e-02
3.3000e+01 1.3380e-02
3.4000e+01 1.8296e-02
3.5000e+01 1.8055e-02
3.6000e+01 1.4681e-02
3.7000e+01 1.4820e-02
3.8000e+01 1.6453e-02
3.9000e+01 1.4342e-02
4.0000e+01 1.3300e-02
4.1000e+01 1.3423e-02
4.2000e+01 1.4518e-02
4.3000e+01 1.2381e-02
4.4000e+01 1.3495e-02
4.5000e+01 1.4877e-02
4.6000e+01 1.3465e-02
4.7000e+01 1.4882e-02
4.8000e+01 1.6039e-02
4.9000e+01 1.6186e-02
5.0000e+01 1.3327e-02
5.1000e+01 1.4423e-02
5.2000e+01 1.3302e-02
5.3000e+01 1.3944e-02
5.4000e+01 1.3596e-02
5.5000e+01 1.3702e-02
5.6000e+01 1.6965e-02
5.7000e+01 1.3938e-02
5.8000e+01 2.0589e-02
5.9000e+01 2.6323e-02
6.0000e+01 3.0010e-02
6.1000e+01 2.5039e-02
6.2000e+01 3.1213e-02
6.3000e+01 2.5081e-02
6.4000e+01 2.8680e-02
6.5000e+01 2.4620e-02
6.6000e+01 2.9836e-02
6.7000e+01 2.4968e-02
6.8000e+01 2.9653e-02
6.9000e+01 2.7887e-02
7.0000e+01 1.9573e-02
7.1000e+01 1.7744e-02
7.2000e+01 1.7048e-02
7.3000e+01 1.6871e-02
7.4000e+01 1.7105e-02
7.5000e+01 1.6980e-02
7.6000e+01 1.6787e-02
7.7000e+01 2.3263e-02
7.8000e+01 1.9837e-02
7.9000e+01 1.6950e-02
8.0000e+01 2.0226e-02
8.1000e+01 3.2732e-02
8.2000e+01 3.5225e-02
8.3000e+01 3.6951e-02
8.4000e+01 3.1948e-02
8.5000e+01 3.4359e-02
8.6000e+01 3.4400e-02
8.7000e+01 3.5569e-02
8.8000e+01 3.5914e-02
8.9000e+01 2.9165e-02
9.0000e+01 2.7440e-02
9.1000e+01 3.1920e-02
9.2000e+01 2.3998e-02
9.3000e+01 2.4200e-02
9.4000e+01 2.8637e-02
9.5000e+01 2.3761e-02
9.6000e+01 2.2351e-02
9.7000e+01 2.8881e-02
9.8000e+01 2.2254e-02
9.9000e+01 2.6904e-02
1.0000e+02 2.7588e-02
1.0100e+02 2.4426e-02
1.0200e+02 2.2967e-02
1.0300e+02 3.0069e-02
1.0400e+02 3.5717e-02
1.0500e+02 3.0393e-02
1.0600e+02 3.0621e-02
1.0700e+02 3.1062e-02
1.0800e+02 2.2253e-02
1.0900e+02 2.5533e-02
1.1000e+02 3.2219e-02
1.1100e+02 3.0658e-02
1.1200e+02 2.7587e-02
1.1300e+02 3.3520e-02
1.1400e+02 3.0165e-02
1.1500e+02 3.0230e-02
1.1600e+02 2.6997e-02
1.1700e+02 3.5870e-02
1.1800e+02 2.8694e-02
1.1900e+02 3.8440e-02
1.2000e+02 2.8231e-02
1.2100e+02 2.5428e-02
1.2200e+02 3.9557e-02
1.2300e+02 3.0529e-02
1.2400e+02 3.7719e-02
1.2500e+02 2.9327e-02
1.2600e+02 2.9804e-02
1.2700e+02 3.1857e-02
1.2800e+02 4.1484e-02
1.2900e+02 3.9865e-02
1.3000e+02 3.9797e-02
1.3100e+02 3.1881e-02
1.3200e+02 3.2837e-02
1.3300e+02 4.6177e-02
1.3400e+02 4.6519e-02
1.3500e+02 3.8197e-02
1.3600e+02 3.9388e-02
1.3700e+02 4.7683e-02
1.3800e+02 4.5286e-02
1.3900e+02 4.7315e-02
1.4000e+02 5.2560e-02
1.4100e+02 4.1484e-02
1.4200e+02 4.4537e-02
1.4300e+02 5.3203e-02
1.4400e+02 4.0845e-02
1.4500e+02 4.7994e-02
1.4600e+02 3.7612e-02
1.4700e+02 4.9394e-02
1.4800e+02 3.5722e-02
1.4900e+02 4.2899e-02
1.5000e+02 4.3280e-02
1.5100e+02 3.3539e-02
1.5200e+02 3.8722e-02
1.5300e+02 3.5797e-02
1.5400e+02 3.9403e-02
1.5500e+02 5.2097e-02
1.5600e+02 3.9083e-02
1.5700e+02 3.6579e-02
1.5800e+02 3.4859e-02
1.5900e+02 3.6427e-02
1.6000e+02 3.3678e-02
1.6100e+02 3.6777e-02
1.6200e+02 3.8145e-02
1.6300e+02 4.3819e-02
1.6400e+02 4.2534e-02
1.6500e+02 3.9134e-02
1.6600e+02 4.0746e-02
1.6700e+02 3.9999e-02
1.6800e+02 3.8890e-02
1.6900e+02 3.9324e-02
1.7000e+02 3.9308e-02
1.7100e+02 4.0213e-02
1.7200e+02 3.7589e-02
1.7300e+02 3.5828e-02
1.7400e+02 3.6093e-02
1.7500e+02 4.3849e-02
1.7600e+02 3.9823e-02
1.7700e+02 4.1861e-02
1.7800e+02 4.5414e-02
1.7900e+02 4.8900e-02
1.8000e+02 5.3476e-02
1.8100e+02 6.3699e-02
1.8200e+02 6.4903e-02
1.8300e+02 6.4275e-02
1.8400e+02 5.8509e-02
1.8500e+02 6.2220e-02
1.8600e+02 4.7257e-02
1.8700e+02 4.7922e-02
1.8800e+02 6.1687e-02
1.8900e+02 4.5886e-02
1.9000e+02 5.0024e-02
1.9100e+02 4.5078e-02
1.9200e+02 4.9495e-02
1.9300e+02 4.6674e-02
1.9400e+02 4.7772e-02
1.9500e+02 4.4859e-02
1.9600e+02 5.1384e-02
1.9700e+02 6.0892e-02
1.9800e+02 6.0616e-02
1.9900e+02 5.4224e-02
2.0000e+02 5.3408e-02
2.0100e+02 6.2182e-02
2.0200e+02 6.3801e-02
2.0300e+02 5.4511e-02
2.0400e+02 6.2119e-02
2.0500e+02 6.5553e-02
2.0600e+02 6.7534e-02
2.0700e+02 5.7830e-02
2.0800e+02 6.5052e-02
2.0900e+02 6.4134e-02
2.1000e+02 6.6594e-02
2.1100e+02 6.4859e-02
2.1200e+02 5.1744e-02
2.1300e+02 7.6356e-02
2.1400e+02 6.3920e-02
2.1500e+02 5.9852e-02
2.1600e+02 7.9510e-02
2.1700e+02 7.3696e-02
2.1800e+02 5.3619e-02
2.1900e+02 5.9438e-02
2.2000e+02 6.4024e-02
2.2100e+02 8.6991e-02
2.2200e+02 6.9612e-02
2.2300e+02 7.3051e-02
2.2400e+02 6.6609e-02
2.2500e+02 6.8668e-02
2.2600e+02 5.9584e-02
2.2700e+02 6.7819e-02
2.2800e+02 8.2928e-02
2.2900e+02 6.8942e-02
2.3000e+02 6.7202e-02
2.3100e+02 6.0019e-02
2.3200e+02 5.5024e-02
2.3300e+02 5.8238e-02
2.3400e+02 5.6680e-02
2.3500e+02 5.7593e-02
2.3600e+02 5.8321e-02
2.3700e+02 5.7173e-02
2.3800e+02 5.2895e-02
2.3900e+02 5.7403e-02
2.4000e+02 5.5364e-02
2.4100e+02 5.8218e-02
2.4200e+02 5.8367e-02
2.4300e+02 5.9751e-02
2.4400e+02 5.9274e-02
2.4500e+02 5.6759e-02
2.4600e+02 8.1533e-02
2.4700e+02 5.9140e-02
2.4800e+02 7.1504e-02
2.4900e+02 6.1743e-02
2.5000e+02 5.8389e-02
2.5100e+02 6.5407e-02
2.5200e+02 6.3615e-02
2.5300e+02 6.3610e-02
2.5400e+02 9.4420e-02
2.5500e+02 6.6384e-02
2.5600e+02 6.4887e-02
2.5700e+02 1.2810e-01
2.5800e+02 1.3157e-01
2.5900e+02 1.3529e-01
2.6000e+02 1.4257e-01
2.6100e+02 1.5438e-01
2.6200e+02 1.4793e-01
2.6300e+02 1.5556e-01
2.6400e+02 1.6539e-01
2.6500e+02 1.4896e-01
2.6600e+02 1.5140e-01
2.6700e+02 1.6598e-01
2.6800e+02 1.5850e-01
2.6900e+02 1.5379e-01
2.7000e+02 1.4863e-01
2.7100e+02 1.2790e-01
2.7200e+02 1.1549e-01
2.7300e+02 1.0926e-01
2.7400e+02 1.3697e-01
2.7500e+02 1.6568e-01
2.7600e+02 1.5511e-01
2.7700e+02 1.5920e-01
2.7800e+02 1.5130e-01
2.7900e+02 1.5057e-01
2.8000e+02 1.1609e-01
2.8100e+02 1.1942e-01
2.8200e+02 1.1732e-01
2.8300e+02 1.1837e-01
2.8400e+02 1.4114e-01
2.8500e+02 1.2988e-01
2.8600e+02 1.1883e-01
2.8700e+02 1.2293e-01
2.8800e+02 1.4667e-01
2.8900e+02 1.6637e-01
2.9000e+02 1.5466e-01
2.9100e+02 1.6090e-01
2.9200e+02 1.6027e-01
2.9300e+02 1.9016e-01
2.9400e+02 1.5466e-01
2.9500e+02 1.7841e-01
2.9600e+02 1.9956e-01
2.9700e+02 1.8591e-01
2.9800e+02 1.7084e-01
2.9900e+02 2.0100e-01
3.0000e+02 1.8357e-01
3.0100e+02 1.8250e-01
3.0200e+02 1.8441e-01
3.0300e+02 1.9080e-01
3.0400e+02 1.8478e-01
3.0500e+02 1.9984e-01
3.0600e+02 2.0898e-01
3.0700e+02 1.9352e-01
3.0800e+02 1.6707e-01
3.0900e+02 1.6343e-01
3.1000e+02 1.3500e-01
3.1100e+02 1.3541e-01
3.1200e+02 1.5252e-01
3.1300e+02 1.7455e-01
3.1400e+02 1.3859e-01
3.1500e+02 1.4025e-01
3.1600e+02 1.4599e-01
3.1700e+02 1.9052e-01
3.1800e+02 1.9790e-01
3.1900e+02 1.8067e-01
3.2000e+02 1.8299e-01
3.2100e+02 2.1520e-01
3.2200e+02 1.8622e-01
3.2300e+02 2.3051e-01
3.2400e+02 2.4503e-01
3.2500e+02 1.8388e-01
3.2600e+02 2.1470e-01
3.2700e+02 2.1766e-01
3.2800e+02 2.1163e-01
3.2900e+02 2.3266e-01
3.3000e+02 2.5663e-01
3.3100e+02 2.5464e-01
3.3200e+02 2.4215e-01
3.3300e+02 2.1906e-01
3.3400e+02 2.2332e-01
3.3500e+02 2.5131e-01
3.3600e+02 1.7587e-01
3.3700e+02 1.5776e-01
3.3800e+02 1.6832e-01
3.3900e+02 1.8165e-01
3.4000e+02 1.7732e-01
3.4100e+02 1.6255e-01
3.4200e+02 1.8397e-01
3.4300e+02 2.0774e-01
3.4400e+02 2.0265e-01
3.4500e+02 2.3678e-01
3.4600e+02 2.0997e-01
3.4700e+02 2.3105e-01
3.4800e+02 2.2300e-01
3.4900e+02 2.5289e-01
3.5000e+02 1.9490e-01
3.5100e+02 2.0939e-01
3.5200e+02 1.9951e-01
3.5300e+02 2.3809e-01
3.5400e+02 2.5894e-01
3.5500e+02 2.4660e-01
3.5600e+02 2.2304e-01
3.5700e+02 2.6519e-01
3.5800e+02 2.5409e-01
3.5900e+02 2.5386e-01
3.6000e+02 2.5038e-01
3.6100e+02 2.4032e-01
3.6200e+02 2.1344e-01
3.6300e+02 1.8678e-01
3.6400e+02 1.8639e-01
3.6500e+02 1.8582e-01
3.6600e+02 2.1726e-01
3.6700e+02 1.8423e-01
3.6800e+02 1.9583e-01
3.6900e+02 2.6365e-01
3.7000e+02 2.4437e-01
3.7100e+02 2.5395e-01
3.7200e+02 2.5086e-01
3.7300e+02 2.5750e-01
3.7400e+02 2.6105e-01
3.7500e+02 2.9844e-01
3.7600e+02 2.6451e-01
3.7700e+02 2.6516e-01
3.7800e+02 2.7871e-01
3.7900e+02 2.8063e-01
3.8000e+02 2.9504e-01
3.8100e+02 2.8889e-01
3.8200e+02 2.8067e-01
3.8300e+02 2.9143e-01
3.8400e+02 2.7619e-01
3.8500e+02 2.8084e-01
3.8600e+02 2.2296e-01
3.8700e+02 2.1361e-01
3.8800e+02 2.1974e-01
3.8900e+02 2.1401e-01
3.9000e+02 2.1432e-01
3.9100e+02 2.0898e-01
3.9200e+02 2.9328e-01
3.9300e+02 2.8606e-01
3.9400e+02 3.0169e-01
3.9500e+02 2.7396e-01
3.9600e+02 2.8392e-01
3.9700e+02 3.2399e-01
3.9800e+02 3.0450e-01
3.9900e+02 3.0847e-01
4.0000e+02 3.2041e-01
4.0100e+02 2.7408e-01
4.0200e+02 2.7683e-01
4.0300e+02 3.0895e-01
4.0400e+02 3.1276e-01
4.0500e+02 3.1650e-01
4.0600e+02 3.4070e-01
4.0700e+02 3.0677e-01
4.0800e+02 2.5472e-01
4.0900e+02 2.6898e-01
4.1000e+02 2.4811e-01
4.1100e+02 2.3824e-01
4.1200e+02 2.3114e-01
4.1300e+02 2.5591e-01
4.1400e+02 2.5298e-01
4.1500e+02 3.2624e-01
4.1600e+02 3.2797e-01
4.1700e+02 3.2191e-01
4.1800e+02 3.4345e-01
4.1900e+02 3.5058e-01
4.2000e+02 3.6650e-01
4.2100e+02 3.5355e-01
4.2200e+02 3.5102e-01
4.2300e+02 3.5162e-01
4.2400e+02 3.6592e-01
4.2500e+02 3.6347e-01
4.2600e+02 3.6496e-01
4.2700e+02 3.4995e-01
4.2800e+02 3.6497e-01
4.2900e+02 3.5477e-01
4.3000e+02 2.6198e-01
4.3100e+02 2.5798e-01
4.3200e+02 2.5162e-01
4.3300e+02 2.7382e-01
4.3400e+02 2.6471e-01
4.3500e+02 3.4228e-01
4.3600e+02 3.8485e-01
4.3700e+02 3.8492e-01
4.3800e+02 3.9386e-01
4.3900e+02 3.6861e-01
4.4000e+02 3.8449e-01
4.4100e+02 3.9657e-01
4.4200e+02 4.0692e-01
4.4300e+02 4.1258e-01
4.4400e+02 3.8189e-01
4.4500e+02 3.9214e-01
4.4600e+02 4.0398e-01
4.4700e+02 3.9925e-01
4.4800e+02 4.0118e-01
4.4900e+02 3.7014e-01
4.5000e+02 3.1660e-01
4.5100e+02 3.0010e-01
4.5200e+02 2.6878e-01
4.5300e+02 2.8279e-01
4.5400e+02 3.0223e-01
4.5500e+02 3.0307e-01
4.5600e+02 4.0863e-01
4.5700e+02 4.0355e-01
4.5800e+02 4.4314e-01
4.5900e+02 4.0823e-01
4.6000e+02 4.3624e-01
4.6100e+02 4.3742e-01
4.6200e+02 4.2459e-01
4.6300e+02 4.0350e-01
4.6400e+02 4.1330e-01
4.6500e+02 4.4635e-01
4.6600e+02 4.3365e-01
4.6700e+02 4.6242e-01
4.6800e+02 4.5046e-01
4.6900e+02 4.3215e-01
4.7000e+02 4.2181e-01
4.7100e+02 3.2217e-01
4.7200e+02 3.3065e-01
4.7300e+02 3.1510e-01
4.7400e+02 3.2036e-01
4.7500e+02 4.1312e-01
4.7600e+02 4.5644e-01
4.7700e+02 4.5417e-01
4.7800e+02 4.2184e-01
4.7900e+02 4.6206e-01
4.8000e+02 4.8217e-01
4.8100e+02 4.8334e-01
4.8200e+02 4.7722e-01
4.8300e+02 4.8968e-01
4.8400e+02 4.7424e-01
4.8500e+02 4.9199e-01
4.8600e+02 4.4163e-01
4.8700e+02 3.8215e-01
4.8800e+02 4.0893e-01
4.8900e+02 5.1693e-01
4.9000e+02 3.4919e-01
4.9100e+02 3.6605e-01
4.9200e+02 3.5324e-01
4.9300e+02 4.5026e-01
4.9400e+02 5.1355e-01
4.9500e+02 5.3179e-01
4.9600e+02 5.0275e-01
4.9700e+02 5.3881e-01
4.9800e+02 5.1055e-01
4.9900e+02 5.2584e-01
5.0000e+02 5.1178e-01
5.0100e+02 5.5200e-01
5.0200e+02 5.2931e-01
5.0300e+02 4.0549e-01
5.0400e+02 4.1340e-01
5.0500e+02 4.8103e-01
5.0600e+02 4.3577e-01
5.0700e+02 4.3605e-01
5.0800e+02 4.1351e-01
5.0900e+02 4.2854e-01
5.1000e+02 5.2435e-01
5.1100e+02 5.6053e-01
5.1200e+02 5.4607e-01
5.1300e+02 4.8003e-01
5.1400e+02 5.5552e-01
5.1500e+02 6.0093e-01
5.1600e+02 5.9017e-01
5.1700e+02 5.9971e-01
5.1800e+02 5.3072e-01
5.1900e+02 5.4137e-01
5.2000e+02 5.9530e-01
5.2100e+02 4.9508e-01
5.2200e+02 4.7985e-01
5.2300e+02 4.4707e-01
5.2400e+02 4.5572e-01
5.2500e+02 5.2722e-01
5.2600e+02 6.2628e-01
5.2700e+02 5.8277e-01
5.2800e+02 6.1174e-01
5.2900e+02 6.3175e-01
5.3000e+02 6.4598e-01
5.3100e+02 6.4414e-01
5.3200e+02 5.5099e-01
5.3300e+02 5.4047e-01
5.3400e+02 6.3247e-01
5.3500e+02 5.2298e-01
5.3600e+02 5.3157e-01
5.3700e+02 4.8647e-01
5.3800e+02 4.8410e-01
5.3900e+02 5.3082e-01
5.4000e+02 6.5428e-01
5.4100e+02 6.7027e-01
5.4200e+02 6.4920e-01
5.4300e+02 6.5457e-01
5.4400e+02 5.0850e-01
5.4500e+02 6.8234e-01
5.4600e+02 6.7863e-01
5.4700e+02 7.0055e-01
5.4800e+02 6.8198e-01
5.4900e+02 6.4485e-01
5.5000e+02 5.4631e-01
5.5100e+02 5.0102e-01
5.5200e+02 6.1464e-01
5.5300e+02 7.0260e-01
5.5400e+02 6.8034e-01
5.5500e+02 7.4904e-01
5.5600e+02 7.0914e-01
5.5700e+02 6.9913e-01
5.5800e+02 7.1944e-01
5.5900e+02 6.9385e-01
5.6000e+02 6.9897e-01
5.6100e+02 6.2428e-01
5.6200e+02 6.1072e-01
5.6300e+02 5.4728e-01
5.6400e+02 5.4703e-01
5.6500e+02 6.3720e-01
5.6600e+02 7.0860e-01
5.6700e+02 7.0634e-01
5.6800e+02 7.5665e-01
5.6900e+02 7.7418e-01
5.7000e+02 7.6742e-01
5.7100e+02 7.6876e-01
5.7200e+02 7.4898e-01
5.7300e+02 7.8401e-01
5.7400e+02 7.7276e-01
5.7500e+02 6.5995e-01
5.7600e+02 6.1181e-01
5.7700e+02 5.9378e-01
5.7800e+02 7.5040e-01
5.7900e+02 7.9279e-01
5.8000e+02 7.9439e-01
5.8100e+02 6.8544e-01
5.8200e+02 7.8820e-01
5.8300e+02 8.2431e-01
5.8400e+02 7.8403e-01
5.8500e+02 7.9947e-01
5.8600e+02 7.4479e-01
5.8700e+02 6.6100e-01
5.8800e+02 6.9425e-01
5.8900e+02 8.5172e-01
5.9000e+02 7.2123e-01
5.9100e+02 6.9328e-01
5.9200e+02 8.3997e-01
5.9300e+02 8.2744e-01
5.9400e+02 8.3179e-01
5.9500e+02 8.4453e-01
5.9600e+02 8.2922e-01
5.9700e+02 7.6302e-01
5.9800e+02 6.6820e-01
5.9900e+02 6.8337e-01
6.0000e+02 8.3752e-01
6.0100e+02 8.2142e-01
6.0200e+02 8.5417e-01
6.0300e+02 7.1665e-01
6.0400e+02 8.3734e-01
6.0500e+02 7.8909e-01
6.0600e+02 8.7914e-01
6.0700e+02 9.0426e-01
6.0800e+02 7.0605e-01
6.0900e+02 7.1907e-01
6.1000e+02 9.0100e-01
6.1100e+02 8.4561e-01
6.1200e+02 7.3180e-01
6.1300e+02 7.7463e-01
6.1400e+02 8.8078e-01
6.1500e+02 8.9782e-01
6.1600e+02 9.1894e-01
6.1700e+02 9.3079e-01
6.1800e+02 7.5062e-01
6.1900e+02 7.2932e-01
6.2000e+02 8.8894e-01
6.2100e+02 9.1196e-01
6.2200e+02 9.2050e-01
6.2300e+02 9.5568e-01
6.2400e+02 7.5063e-01
6.2500e+02 8.1127e-01
6.2600e+02 9.2861e-01
6.2700e+02 9.7571e-01
6.2800e+02 7.6413e-01
6.2900e+02 7.6416e-01
6.3000e+02 8.3318e-01
6.3100e+02 8.2356e-01
6.3200e+02 9.4270e-01
6.3300e+02 9.9649e-01
6.3400e+02 9.8838e-01
6.3500e+02 9.7767e-01
6.3600e+02 9.6073e-01
6.3700e+02 1.0011e+00
6.3800e+02 9.3464e-01
6.3900e+02 7.9253e-01
6.4000e+02 8.3947e-01
6.4100e+02 9.1976e-01
6.4200e+02 1.0119e+00
6.4300e+02 1.0342e+00
6.4400e+02 9.9869e-01
6.4500e+02 1.0162e+00
6.4600e+02 9.8950e-01
6.4700e+02 9.9334e-01
6.4800e+02 9.0682e-01
6.4900e+02 8.4126e-01
6.5000e+02 9.3037e-01
6.5100e+02 1.0065e+00
6.5200e+02 1.0350e+00
6.5300e+02 9.2602e-01
6.5400e+02 1.0491e+00
6.5500e+02 1.0804e+00
6.5600e+02 1.0251e+00
6.5700e+02 1.0045e+00
6.5800e+02 9.1256e-01
6.5900e+02 1.0037e+00
6.6000e+02 1.0458e+00
6.6100e+02 1.0832e+00
6.6200e+02 1.0865e+00
6.6300e+02 1.0869e+00
6.6400e+02 8.7885e-01
6.6500e+02 1.0429e+00
6.6600e+02 9.5484e-01
6.6700e+02 9.0810e-01
6.6800e+02 9.9443e-01
6.6900e+02 9.7907e-01
6.7000e+02 1.0583e+00
6.7100e+02 1.1163e+00
6.7200e+02 9.6107e-01
6.7300e+02 9.6318e-01
6.7400e+02 1.0076e+00
6.7500e+02 1.1863e+00
6.7600e+02 9.7216e-01
6.7700e+02 9.0018e-01
6.7800e+02 1.1094e+00
6.7900e+02 1.1305e+00
6.8000e+02 1.0963e+00
6.8100e+02 1.1666e+00
6.8200e+02 1.1562e+00
6.8300e+02 1.1067e+00
6.8400e+02 1.1483e+00
6.8500e+02 9.2976e-01
6.8600e+02 1.0462e+00
6.8700e+02 1.2049e+00
6.8800e+02 1.1613e+00
6.8900e+02 1.1709e+00
6.9000e+02 1.1756e+00
6.9100e+02 1.0012e+00
6.9200e+02 1.2064e+00
6.9300e+02 9.8425e-01
6.9400e+02 1.0096e+00
6.9500e+02 1.1502e+00
6.9600e+02 1.1859e+00
6.9700e+02 1.2323e+00
6.9800e+02 1.2156e+00
6.9900e+02 1.2133e+00
7.0000e+02 1.2063e+00
7.0100e+02 1.0385e+00
7.0200e+02 1.0532e+00
7.0300e+02 1.1509e+00
7.0400e+02 1.2655e+00
7.0500e+02 1.2461e+00
7.0600e+02 1.2509e+00
7.0700e+02 1.0307e+00
7.0800e+02 1.2462e+00
7.0900e+02 1.0679e+00
7.1000e+02 1.1611e+00
7.1100e+02 1.1070e+00
7.1200e+02 1.0379e+00
7.1300e+02 1.2671e+00
7.1400e+02 1.2505e+00
7.1500e+02 1.2762e+00
7.1600e+02 1.2361e+00
7.1700e+02 1.0702e+00
7.1800e+02 1.1877e+00
7.1900e+02 1.2356e+00
7.2000e+02 1.3223e+00
7.2100e+02 1.3069e+00
7.2200e+02 1.3042e+00
7.2300e+02 1.2186e+00
7.2400e+02 1.2136e+00
7.2500e+02 1.0799e+00
7.2600e+02 1.2773e+00
7.2700e+02 1.1470e+00
7.2800e+02 1.3542e+00
7.2900e+02 1.1821e+00
7.3000e+02 1.1458e+00
7.3100e+02 1.2556e+00
7.3200e+02 1.3100e+00
7.3300e+02 1.3332e+00
7.3400e+02 1.3753e+00
7.3500e+02 1.3421e+00
7.3600e+02 1.3591e+00
7.3700e+02 1.3531e+00
7.3800e+02 1.3242e+00
7.3900e+02 1.1437e+00
7.4000e+02 1.2952e+00
7.4100e+02 1.3521e+00
7.4200e+02 1.4264e+00
7.4300e+02 1.2412e+00
7.4400e+02 1.2511e+00
7.4500e+02 1.2276e+00
7.4600e+02 1.1457e+00
7.4700e+02 1.3656e+00
7.4800e+02 1.2332e+00
7.4900e+02 1.4525e+00
7.5000e+02 1.2438e+00
7.5100e+02 1.4460e+00
7.5200e+02 1.1901e+00
7.5300e+02 1.2571e+00
7.5400e+02 1.4958e+00
7.5500e+02 1.4932e+00
7.5600e+02 1.1918e+00
7.5700e+02 1.4526e+00
7.5800e+02 1.3355e+00
7.5900e+02 1.2296e+00
7.6000e+02 1.2779e+00
7.6100e+02 1.2355e+00
7.6200e+02 1.4859e+00
7.6300e+02 1.5052e+00
7.6400e+02 1.4812e+00
7.6500e+02 1.2537e+00
7.6600e+02 1.3207e+00
7.6700e+02 1.3146e+00
7.6800e+02 1.1436e+00
7.6900e+02 1.5448e+00
7.7000e+02 1.5015e+00
7.7100e+02 1.5417e+00
7.7200e+02 1.3223e+00
7.7300e+02 1.3243e+00
7.7400e+02 1.4219e+00
7.7500e+02 1.2575e+00
7.7600e+02 1.2933e+00
7.7700e+02 1.2908e+00
7.7800e+02 1.4206e+00
7.7900e+02 1.4017e+00
7.8000e+02 1.4173e+00
7.8100e+02 1.5382e+00
7.8200e+02 1.3484e+00
7.8300e+02 1.3391e+00
7.8400e+02 1.3955e+00
7.8500e+02 1.4412e+00
7.8600e+02 1.3653e+00
7.8700e+02 1.6216e+00
7.8800e+02 1.5874e+00
7.8900e+02 1.4331e+00
7.9000e+02 1.5100e+00
7.9100e+02 1.4000e+00
7.9200e+02 1.3583e+00
7.9300e+02 1.5837e+00
7.9400e+02 1.6591e+00
7.9500e+02 1.4513e+00
7.9600e+02 1.3641e+00
7.9700e+02 1.5286e+00
7.9800e+02 1.4663e+00
7.9900e+02 1.6816e+00
8.0000e+02 1.6345e+00
8.0100e+02 1.4143e+00
8.0200e+02 1.5013e+00
8.0300e+02 1.5081e+00
8.0400e+02 1.4636e+00
8.0500e+02 1.7029e+00
8.0600e+02 1.4704e+00
8.0700e+02 1.7110e+00
8.0800e+02 1.4811e+00
8.0900e+02 1.4846e+00
8.1000e+02 1.6527e+00
8.1100e+02 1.5759e+00
8.1200e+02 1.6541e+00
8.1300e+02 1.5261e+00
8.1400e+02 1.4410e+00
8.1500e+02 1.5193e+00
8.1600e+02 1.2359e+00
8.1700e+02 1.5337e+00
8.1800e+02 1.4814e+00
8.1900e+02 1.6060e+00
8.2000e+02 1.5206e+00
8.2100e+02 1.6424e+00
8.2200e+02 1.5023e+00
8.2300e+02 1.7838e+00
8.2400e+02 1.5753e+00
8.2500e+02 1.6412e+00
8.2600e+02 1.5317e+00
8.2700e+02 1.8082e+00
8.2800e+02 1.7762e+00
8.2900e+02 1.8158e+00
8.3000e+02 1.8043e+00
8.3100e+02 1.7300e+00
8.3200e+02 1.5843e+00
8.3300e+02 1.3746e+00
8.3400e+02 1.5996e+00
8.3500e+02 1.6289e+00
8.3600e+02 1.6578e+00
8.3700e+02 1.5963e+00
8.3800e+02 1.9540e+00
8.3900e+02 1.7293e+00
8.4000e+02 1.4656e+00
8.4100e+02 1.8416e+00
8.4200e+02 1.5738e+00
8.4300e+02 1.8529e+00
8.4400e+02 1.8618e+00
8.4500e+02 1.6544e+00
8.4600e+02 1.6508e+00
8.4700e+02 1.5984e+00
8.4800e+02 1.4373e+00
8.4900e+02 1.8977e+00
8.5000e+02 1.8419e+00
8.5100e+02 1.7793e+00
8.5200e+02 1.6874e+00
8.5300e+02 1.9465e+00
8.5400e+02 1.6584e+00
8.5500e+02 1.7151e+00
8.5600e+02 1.8068e+00
8.5700e+02 1.6727e+00
8.5800e+02 1.9765e+00
8.5900e+02 1.8094e+00
8.6000e+02 1.6400e+00
8.6100e+02 1.9648e+00
8.6200e+02 1.6953e+00
8.6300e+02 1.5743e+00
8.6400e+02 1.8350e+00
8.6500e+02 1.8011e+00
8.6600e+02 1.8231e+00
8.6700e+02 1.7097e+00
8.6800e+02 1.9953e+00
8.6900e+02 2.0080e+00
8.7000e+02 1.8436e+00
8.7100e+02 2.0225e+00
8.7200e+02 1.7828e+00
8.7300e+02 1.6503e+00
8.7400e+02 2.0236e+00
8.7500e+02 1.8870e+00
8.7600e+02 1.8540e+00
8.7700e+02 1.7590e+00
8.7800e+02 2.0279e+00
8.7900e+02 2.0446e+00
8.8000e+02 1.9303e+00
8.8100e+02 2.0670e+00
8.8200e+02 1.7541e+00
8.8300e+02 1.7678e+00
8.8400e+02 1.9238e+00
8.8500e+02 1.9645e+00
8.8600e+02 1.9230e+00
8.8700e+02 1.7989e+00
8.8800e+02 2.1336e+00
8.8900e+02 1.9148e+00
8.9000e+02 1.9790e+00
8.9100e+02 2.0864e+00
8.9200e+02 1.9789e+00
8.9300e+02 1.8674e+00
8.9400e+02 2.0506e+00
8.9500e+02 1.8292e+00
8.9600e+02 1.8345e+00
8.9700e+02 2.1747e+00
8.9800e+02 1.9318e+00
8.9900e+02 2.1150e+00
9.0000e+02 1.9761e+00
9.0100e+02 1.9144e+00
9.0200e+02 1.8048e+00
9.0300e+02 1.9593e+00
9.0400e+02 1.8171e+00
9.0500e+02 1.7647e+00
9.0600e+02 2.1245e+00
9.0700e+02 2.0527e+00
9.0800e+02 2.1113e+00
9.0900e+02 2.1759e+00
9.1000e+02 1.8843e+00
9.1100e+02 2.2958e+00
9.1200e+02 2.1387e+00
9.1300e+02 2.1496e+00
9.1400e+02 1.8771e+00
9.1500e+02 2.1069e+00
9.1600e+02 2.2212e+00
9.1700e+02 2.2422e+00
9.1800e+02 2.0947e+00
9.1900e+02 2.0692e+00
9.2000e+02 2.2922e+00
9.2100e+02 1.8518e+00
9.2200e+02 1.9834e+00
9.2300e+02 2.1628e+00
9.2400e+02 2.2779e+00
9.2500e+02 2.2281e+00
9.2600e+02 1.9822e+00
9.2700e+02 1.8665e+00
9.2800e+02 2.0964e+00
9.2900e+02 2.2296e+00
9.3000e+02 2.2717e+00
9.3100e+02 2.0935e+00
9.3200e+02 1.9694e+00
9.3300e+02 2.0130e+00
9.3400e+02 2.0597e+00
9.3500e+02 2.2644e+00
9.3600e+02 1.9436e+00
9.3700e+02 2.2976e+00
9.3800e+02 2.0509e+00
9.3900e+02 2.2366e+00
9.4000e+02 2.0901e+00
9.4100e+02 2.3443e+00
9.4200e+02 1.9688e+00
9.4300e+02 2.3596e+00
9.4400e+02 2.0864e+00
9.4500e+02 2.2465e+00
9.4600e+02 2.3814e+00
9.4700e+02 2.2974e+00
9.4800e+02 2.3615e+00
9.4900e+02 2.2079e+00
9.5000e+02 2.1366e+00
9.5100e+02 2.2732e+00
9.5200e+02 2.2159e+00
9.5300e+02 2.1347e+00
9.5400e+02 2.1046e+00
9.5500e+02 2.4108e+00
9.5600e+02 2.3382e+00
9.5700e+02 2.1481e+00
9.5800e+02 2.5438e+00
9.5900e+02 2.2481e+00
9.6000e+02 2.2513e+00
9.6100e+02 2.1433e+00
9.6200e+02 2.4640e+00
9.6300e+02 2.3553e+00
9.6400e+02 2.3232e+00
9.6500e+02 2.1770e+00
9.6600e+02 2.5412e+00
9.6700e+02 2.3842e+00
9.6800e+02 2.1530e+00
9.6900e+02 2.1327e+00
9.7000e+02 2.1116e+00
9.7100e+02 2.3647e+00
9.7200e+02 2.5684e+00
9.7300e+02 2.1451e+00
9.7400e+02 2.5356e+00
9.7500e+02 2.3641e+00
9.7600e+02 2.3260e+00
9.7700e+02 2.2265e+00
9.7800e+02 2.0142e+00
9.7900e+02 2.3768e+00
9.8000e+02 2.4123e+00
9.8100e+02 2.2215e+00
9.8200e+02 2.2960e+00
9.8300e+02 2.5711e+00
9.8400e+02 2.4545e+00
9.8500e+02 2.4440e+00
9.8600e+02 2.4641e+00
9.8700e+02 2.4137e+00
9.8800e+02 2.5959e+00
9.8900e+02 2.3958e+00
9.9000e+02 2.4893e+00
9.9100e+02 2.6653e+00
9.9200e+02 2.5153e+00
9.9300e+02 2.3139e+00
9.9400e+02 2.5181e+00
9.9500e+02 2.6540e+00
9.9600e+02 2.5727e+00
9.9700e+02 2.4081e+00
9.9800e+02 2.6119e+00
9.9900e+02 2.5489e+00
1.0000e+03 2.7023e+00
1.0010e+03 2.4444e+00
1.0020e+03 2.6538e+00
1.0030e+03 2.4629e+00
1.0040e+03 2.4745e+00
1.0050e+03 2.5157e+00
1.0060e+03 2.3093e+00
1.0070e+03 2.6493e+00
1.0080e+03 2.4497e+00
1.0090e+03 2.4736e+00
1.0100e+03 2.4408e+00
1.0110e+03 2.6672e+00
1.0120e+03 2.4501e+00
1.0130e+03 2.5961e+00
1.0140e+03 2.6172e+00
1.0150e+03 2.4814e+00
1.0160e+03 2.4521e+00
1.0170e+03 2.7394e+00
1.0180e+03 2.4820e+00
1.0190e+03 2.7307e+00
1.0200e+03 2.4585e+00
1.0210e+03 2.7702e+00
1.0220e+03 2.5986e+00
1.0230e+03 2.7402e+00
1.0240e+03 2.5686e+00
1.0250e+03 2.5327e+00
1.0260e+03 2.6382e+00
1.0270e+03 2.4465e+00
1.0280e+03 2.8404e+00
1.0290e+03 2.5285e+00
1.0300e+03 2.5663e+00
1.0310e+03 2.7638e+00
1.0320e+03 2.7933e+00
1.0330e+03 2.7476e+00
1.0340e+03 2.6568e+00
1.0350e+03 2.6577e+00
1.0360e+03 2.7276e+00
1.0370e+03 2.7325e+00
1.0380e+03 2.5942e+00
1.0390e+03 2.4702e+00
1.0400e+03 2.8250e+00
1.0410e+03 2.8866e+00
1.0420e+03 2.5647e+00
1.0430e+03 2.5785e+00
1.0440e+03 2.7991e+00
1.0450e+03 2.5222e+00
1.0460e+03 2.6292e+00
1.0470e+03 2.9035e+00
1.0480e+03 2.8679e+00
1.0490e+03 2.5959e+00
1.0500e+03 2.6968e+00
1.0510e+03 2.7964e+00
1.0520e+03 2.8597e+00
1.0530e+03 2.8464e+00
1.0540e+03 2.6906e+00
1.0550e+03 2.7539e+00
1.0560e+03 2.5467e+00
1.0570e+03 2.5786e+00
1.0580e+03 2.8013e+00
1.0590e+03 2.7273e+00
1.0600e+03 2.9903e+00
1.0610e+03 2.8345e+00
1.0620e+03 3.0291e+00
1.0630e+03 2.7400e+00
1.0640e+03 2.7276e+00
1.0650e+03 2.9095e+00
1.0660e+03 2.8662e+00
1.0670e+03 2.6008e+00
1.0680e+03 2.7343e+00
1.0690e+03 3.0621e+00
1.0700e+03 2.8804e+00
1.0710e+03 2.9235e+00
1.0720e+03 3.0415e+00
1.0730e+03 2.6683e+00
1.0740e+03 3.1053e+00
1.0750e+03 3.0400e+00
1.0760e+03 2.9921e+00
1.0770e+03 2.9093e+00
1.0780e+03 3.0379e+00
1.0790e+03 2.7581e+00
1.0800e+03 2.8132e+00
1.0810e+03 2.9276e+00
1.0820e+03 2.9930e+00
1.0830e+03 2.7957e+00
1.0840e+03 3.0753e+00
1.0850e+03 3.1398e+00
1.0860e+03 2.8647e+00
1.0870e+03 3.2257e+00
1.0880e+03 3.1083e+00
1.0890e+03 3.2113e+00
1.0900e+03 3.0855e+00
1.0910e+03 2.6775e+00
1.0920e+03 3.3494e+00
1.0930e+03 3.1860e+00
1.0940e+03 3.3194e+00
1.0950e+03 2.9772e+00
1.0960e+03 3.0214e+00
1.0970e+03 2.9212e+00
1.0980e+03 3.1715e+00
1.0990e+03 2.9561e+00
1.1000e+03 2.5351e+00
1.1010e+03 3.3766e+00
1.1020e+03 3.2947e+00
1.1030e+03 3.3425e+00
1.1040e+03 3.0478e+00
1.1050e+03 2.8275e+00
1.1060e+03 2.5251e+00
1.1070e+03 2.9528e+00
1.1080e+03 2.9153e+00
1.1090e+03 2.8049e+00
1.1100e+03 2.8215e+00
1.1110e+03 3.1123e+00
1.1120e+03 2.8459e+00
1.1130e+03 2.8376e+00
1.1140e+03 3.1451e+00
1.1150e+03 3.0683e+00
1.1160e+03 2.9174e+00
1.1170e+03 3.2840e+00
1.1180e+03 2.5540e+00
1.1190e+03 2.8518e+00
1.1200e+03 3.3616e+00
1.1210e+03 2.7617e+00
1.1220e+03 3.1020e+00
1.1230e+03 3.1468e+00
1.1240e+03 2.7742e+00
1.1250e+03 3.2203e+00
1.1260e+03 3.1857e+00
1.1270e+03 2.9151e+00
1.1280e+03 3.4084e+00
1.1290e+03 3.2073e+00
1.1300e+03 3.1059e+00
1.1310e+03 2.9434e+00
1.1320e+03 2.9962e+00
1.1330e+03 3.3556e+00
1.1340e+03 3.0201e+00
1.1350e+03 3.2325e+00
1.1360e+03 3.2556e+00
1.1370e+03 3.0824e+00
1.1380e+03 3.2030e+00
1.1390e+03 3.2750e+00
1.1400e+03 2.9597e+00
