2.0000e+00 4.3080e-03
2.0000e+00 4.3080e-03
3.0000e+00 1.8740e-03
4.0000e+00 2.1000e-03
5.0000e+00 2.1660e-03
6.0000e+00 1.4790e-03
7.0000e+00 1.4130e-03
8.0000e+00 1.9290e-03
9.0000e+00 1.7820e-03
1.0000e+01 2.2010e-03
1.1000e+01 2.5770e-03
1.2000e+01 2.6030e-03
1.3000e+01 1.5460e-03
1.4000e+01 2.3050e-03
1.5000e+01 1.3460e-03
1.6000e+01 2.5150e-03
1.7000e+01 1.6310e-03
1.8000e+01 1.3400e-03
1.9000e+01 1.1940e-03
2.0000e+01 1.4340e-03
2.1000e+01 1.8320e-03
2.2000e+01 3.0650e-03
2.3000e+01 2.0060e-03
2.4000e+01 1.5260e-03
2.5000e+01 2.0530e-03
2.6000e+01 1.4420e-03
2.7000e+01 1.4940e-03
2.8000e+01 1.7280e-03
2.9000e+01 2.9940e-03
3.0000e+01 3.1080e-03
3.1000e+01 2.8700e-03
3.2000e+01 3.5700e-03
3.3000e+01 2.9890e-03
3.4000e+01 3.5910e-03
3.5000e+01 2.5920e-03
3.6000e+01 3.2430e-03
3.7000e+01 1.7290e-03
3.8000e+01 2.3030e-03
3.9000e+01 1.7950e-03
4.0000e+01 1.6580e-03
4.1000e+01 2.3580e-03
4.2000e+01 1.8450e-03
4.3000e+01 2.9710e-03
4.4000e+01 2.7560e-03
4.5000e+01 3.0060e-03
4.6000e+01 3.8230e-03
4.7000e+01 3.0100e-03
4.8000e+01 3.4470e-03
4.9000e+01 3.1290e-03
5.0000e+01 3.7800e-03
5.1000e+01 3.2310e-03
5.2000e+01 3.8710e-03
5.3000e+01 3.3130e-03
5.4000e+01 2.0190e-03
5.5000e+01 3.6410e-03
5.6000e+01 3.2380e-03
5.7000e+01 4.9950e-03
5.8000e+01 2.2360e-03
5.9000e+01 2.3150e-03
6.0000e+01 3.3260e-03
6.1000e+01 2.5450e-03
6.2000e+01 3.4980e-03
6.3000e+01 4.5970e-03
6.4000e+01 3.8110e-03
6.5000e+01 3.9360e-03
6.6000e+01 3.8270e-03
6.7000e+01 4.0830e-03
6.8000e+01 2.6320e-03
6.9000e+01 2.9020e-03
7.0000e+01 4.2680e-03
7.1000e+01 3.6310e-03
7.2000e+01 3.5310e-03
7.3000e+01 4.1880e-03
7.4000e+01 3.1640e-03
7.5000e+01 4.1370e-03
7.6000e+01 4.2550e-03
7.7000e+01 5.1820e-03
7.8000e+01 5.4690e-03
7.9000e+01 4.2690e-03
8.0000e+01 3.6980e-03
8.1000e+01 5.5740e-03
8.2000e+01 3.5690e-03
8.3000e+01 5.7610e-03
8.4000e+01 4.6410e-03
8.5000e+01 5.8820e-03
8.6000e+01 3.5170e-03
8.7000e+01 3.2230e-03
8.8000e+01 3.2070e-03
8.9000e+01 3.3140e-03
9.0000e+01 3.5070e-03
9.1000e+01 3.4600e-03
9.2000e+01 3.6600e-03
9.3000e+01 4.1580e-03
9.4000e+01 3.6120e-03
9.5000e+01 4.2270e-03
9.6000e+01 3.7540e-03
9.7000e+01 6.2610e-03
9.8000e+01 5.9080e-03
9.9000e+01 5.3920e-03
1.0000e+02 5.6240e-03
1.0100e+02 3.9700e-03
