1.0000e+00 3.1200e-04
1.0000e+00 3.1200e-04
2.0000e+00 1.0491e-02
3.0000e+00 1.0502e-02
4.0000e+00 1.1474e-02
5.0000e+00 1.0195e-02
6.0000e+00 9.9420e-03
7.0000e+00 1.0722e-02
8.0000e+00 9.1700e-03
9.0000e+00 8.2860e-03
1.0000e+01 6.8470e-03
1.1000e+01 7.8230e-03
1.2000e+01 8.5330e-03
1.3000e+01 7.1330e-03
1.4000e+01 7.1690e-03
1.5000e+01 9.0310e-03
1.6000e+01 8.9930e-03
1.7000e+01 7.9510e-03
1.8000e+01 1.3683e-02
1.9000e+01 1.2334e-02
2.0000e+01 1.1540e-02
2.1000e+01 8.3030e-03
2.2000e+01 7.7500e-03
2.3000e+01 8.6360e-03
2.4000e+01 1.2566e-02
2.5000e+01 7.8570e-03
2.6000e+01 1.0115e-02
2.7000e+01 1.3461e-02
2.8000e+01 1.0802e-02
2.9000e+01 9.3630e-03
3.0000e+01 1.0346e-02
3.1000e+01 1.0177e-02
3.2000e+01 1.1164e-02
3.3000e+01 1.4642e-02
3.4000e+01 1.6748e-02
3.5000e+01 1.3253e-02
3.6000e+01 1.4125e-02
3.7000e+01 1.2613e-02
3.8000e+01 1.3436e-02
3.9000e+01 1.4834e-02
4.0000e+01 2.0123e-02
4.1000e+01 2.2584e-02
4.2000e+01 1.4388e-02
4.3000e+01 1.5390e-02
4.4000e+01 1.7206e-02
4.5000e+01 2.4430e-02
4.6000e+01 2.5735e-02
4.7000e+01 2.5094e-02
4.8000e+01 2.0888e-02
4.9000e+01 2.1452e-02
5.0000e+01 2.4846e-02
5.1000e+01 2.7445e-02
5.2000e+01 2.4294e-02
5.3000e+01 2.5053e-02
5.4000e+01 2.5044e-02
5.5000e+01 2.3289e-02
5.6000e+01 2.0404e-02
5.7000e+01 2.6649e-02
5.8000e+01 3.6200e-02
5.9000e+01 2.4989e-02
6.0000e+01 2.8341e-02
6.1000e+01 3.3522e-02
6.2000e+01 2.5246e-02
6.3000e+01 3.4264e-02
6.4000e+01 4.5498e-02
6.5000e+01 3.5506e-02
6.6000e+01 3.6057e-02
6.7000e+01 4.8656e-02
6.8000e+01 3.6633e-02
6.9000e+01 3.9206e-02
7.0000e+01 4.4164e-02
7.1000e+01 4.8927e-02
7.2000e+01 4.5498e-02
7.3000e+01 4.3184e-02
7.4000e+01 3.8571e-02
7.5000e+01 5.8166e-02
7.6000e+01 3.7530e-02
7.7000e+01 5.0481e-02
7.8000e+01 5.6367e-02
7.9000e+01 5.4055e-02
8.0000e+01 5.7124e-02
8.1000e+01 5.4928e-02
8.2000e+01 6.3328e-02
8.3000e+01 6.7183e-02
8.4000e+01 7.1456e-02
8.5000e+01 7.2990e-02
8.6000e+01 7.0859e-02
8.7000e+01 8.0410e-02
8.8000e+01 6.3247e-02
8.9000e+01 7.2358e-02
9.0000e+01 7.4160e-02
9.1000e+01 8.7228e-02
9.2000e+01 8.9190e-02
9.3000e+01 6.8590e-02
9.4000e+01 6.3073e-02
9.5000e+01 6.1265e-02
9.6000e+01 6.2292e-02
9.7000e+01 5.9192e-02
9.8000e+01 6.9226e-02
9.9000e+01 7.7387e-02
1.0000e+02 7.6370e-02
1.0100e+02 7.3022e-02
1.0200e+02 8.8982e-02
1.0300e+02 8.6582e-02
1.0400e+02 7.7533e-02
1.0500e+02 1.0644e-01
1.0600e+02 8.4592e-02
1.0700e+02 1.1723e-01
1.0800e+02 9.8506e-02
1.0900e+02 1.0882e-01
1.1000e+02 1.0820e-01
1.1100e+02 1.0425e-01
1.1200e+02 1.1412e-01
1.1300e+02 1.2489e-01
1.1400e+02 1.6239e-01
1.1500e+02 1.4678e-01
1.1600e+02 1.3347e-01
1.1700e+02 1.3828e-01
1.1800e+02 1.3285e-01
1.1900e+02 1.6076e-01
1.2000e+02 1.6512e-01
1.2100e+02 1.8834e-01
1.2200e+02 1.9539e-01
1.2300e+02 1.7932e-01
1.2400e+02 1.7805e-01
1.2500e+02 1.8693e-01
1.2600e+02 1.7470e-01
1.2700e+02 1.9026e-01
1.2800e+02 2.5140e-01
1.2900e+02 2.7275e-01
1.3000e+02 2.9812e-01
1.3100e+02 2.8157e-01
1.3200e+02 2.8351e-01
1.3300e+02 3.0704e-01
1.3400e+02 2.9006e-01
1.3500e+02 1.9985e-01
1.3600e+02 2.2518e-01
1.3700e+02 3.4987e-01
1.3800e+02 3.2603e-01
1.3900e+02 3.5335e-01
1.4000e+02 3.6319e-01
1.4100e+02 3.3455e-01
1.4200e+02 3.6307e-01
1.4300e+02 4.0369e-01
1.4400e+02 3.9619e-01
1.4500e+02 3.9656e-01
1.4600e+02 4.2270e-01
1.4700e+02 4.5068e-01
1.4800e+02 4.5370e-01
1.4900e+02 4.8694e-01
1.5000e+02 4.8588e-01
1.5100e+02 4.7376e-01
1.5200e+02 4.8478e-01
1.5300e+02 5.0860e-01
1.5400e+02 5.0507e-01
1.5500e+02 5.1151e-01
1.5600e+02 5.7649e-01
1.5700e+02 6.4132e-01
1.5800e+02 5.6354e-01
1.5900e+02 5.8825e-01
1.6000e+02 5.4912e-01
1.6100e+02 5.3944e-01
1.6200e+02 6.0464e-01
1.6300e+02 6.8079e-01
1.6400e+02 7.0305e-01
1.6500e+02 6.8070e-01
1.6600e+02 6.8944e-01
1.6700e+02 6.3122e-01
1.6800e+02 6.7144e-01
1.6900e+02 6.3042e-01
1.7000e+02 7.3537e-01
1.7100e+02 7.9443e-01
1.7200e+02 7.4983e-01
1.7300e+02 8.4720e-01
1.7400e+02 8.3613e-01
1.7500e+02 8.5004e-01
1.7600e+02 8.8684e-01
1.7700e+02 9.7110e-01
1.7800e+02 9.7022e-01
1.7900e+02 9.9231e-01
1.8000e+02 9.5479e-01
1.8100e+02 1.0313e+00
1.8200e+02 1.0594e+00
1.8300e+02 9.3620e-01
1.8400e+02 1.0731e+00
1.8500e+02 1.0789e+00
1.8600e+02 1.1006e+00
1.8700e+02 1.1170e+00
1.8800e+02 1.0337e+00
1.8900e+02 1.1037e+00
1.9000e+02 1.1275e+00
1.9100e+02 1.1159e+00
1.9200e+02 1.0518e+00
1.9300e+02 1.1224e+00
1.9400e+02 1.2801e+00
1.9500e+02 1.2444e+00
1.9600e+02 1.0040e+00
1.9700e+02 1.1194e+00
1.9800e+02 1.0271e+00
1.9900e+02 1.0671e+00
2.0000e+02 1.1151e+00
2.0100e+02 1.1320e+00
2.0200e+02 1.0552e+00
2.0300e+02 1.1881e+00
2.0400e+02 1.1749e+00
2.0500e+02 1.1872e+00
2.0600e+02 1.1427e+00
2.0700e+02 1.1886e+00
2.0800e+02 9.5869e-01
2.0900e+02 8.2298e-01
2.1000e+02 1.1334e+00
2.1100e+02 1.0386e+00
2.1200e+02 1.1865e+00
2.1300e+02 1.1259e+00
2.1400e+02 1.3797e+00
2.1500e+02 1.3022e+00
2.1600e+02 1.1488e+00
2.1700e+02 1.4479e+00
2.1800e+02 1.3285e+00
2.1900e+02 1.4161e+00
2.2000e+02 1.3246e+00
2.2100e+02 1.4601e+00
2.2200e+02 1.5240e+00
2.2300e+02 1.4003e+00
2.2400e+02 1.2628e+00
2.2500e+02 1.5019e+00
2.2600e+02 1.5982e+00
2.2700e+02 1.8605e+00
2.2800e+02 1.8610e+00
2.2900e+02 1.6893e+00
2.3000e+02 1.8436e+00
2.3100e+02 1.8426e+00
2.3200e+02 1.7851e+00
2.3300e+02 1.9289e+00
2.3400e+02 1.8442e+00
2.3500e+02 1.9986e+00
2.3600e+02 1.9664e+00
2.3700e+02 2.1186e+00
2.3800e+02 2.0520e+00
2.3900e+02 2.0679e+00
2.4000e+02 1.7438e+00
2.4100e+02 2.0508e+00
2.4200e+02 1.9759e+00
2.4300e+02 2.0902e+00
2.4400e+02 1.9711e+00
2.4500e+02 2.0608e+00
2.4600e+02 2.0742e+00
2.4700e+02 1.9401e+00
2.4800e+02 1.9552e+00
2.4900e+02 2.0393e+00
2.5000e+02 2.2192e+00
2.5100e+02 2.0793e+00
2.5200e+02 2.0175e+00
2.5300e+02 2.1371e+00
2.5400e+02 2.1750e+00
2.5500e+02 1.9698e+00
2.5600e+02 2.1402e+00
2.5700e+02 2.2640e+00
2.5800e+02 2.2392e+00
2.5900e+02 2.7081e+00
2.6000e+02 2.4156e+00
2.6100e+02 2.5838e+00
2.6200e+02 2.3762e+00
2.6300e+02 2.6117e+00
2.6400e+02 2.4628e+00
2.6500e+02 2.7434e+00
2.6600e+02 2.7314e+00
2.6700e+02 2.9100e+00
2.6800e+02 2.6054e+00
2.6900e+02 2.9184e+00
2.7000e+02 2.6229e+00
2.7100e+02 2.8466e+00
2.7200e+02 2.7832e+00
2.7300e+02 2.7501e+00
2.7400e+02 2.7468e+00
2.7500e+02 2.8068e+00
2.7600e+02 2.7705e+00
2.7700e+02 2.8225e+00
2.7800e+02 3.0211e+00
2.7900e+02 2.9927e+00
2.8000e+02 3.1911e+00
2.8100e+02 3.4242e+00
2.8200e+02 3.0873e+00
2.8300e+02 3.3169e+00
2.8400e+02 3.4674e+00
2.8500e+02 3.3871e+00
2.8600e+02 3.5926e+00
2.8700e+02 3.1583e+00
2.8800e+02 2.7856e+00
2.8900e+02 3.5069e+00
2.9000e+02 2.9279e+00
2.9100e+02 3.1006e+00
2.9200e+02 3.2577e+00
2.9300e+02 3.6674e+00
2.9400e+02 3.4794e+00
2.9500e+02 3.5268e+00
2.9600e+02 3.0764e+00
2.9700e+02 3.1508e+00
2.9800e+02 4.1511e+00
2.9900e+02 4.1056e+00
3.0000e+02 3.8485e+00
