2.0000e+00 8.0280e-03
2.0000e+00 8.0280e-03
3.0000e+00 3.3430e-03
4.0000e+00 3.1760e-03
5.0000e+00 4.1320e-03
6.0000e+00 3.1700e-03
7.0000e+00 3.7240e-03
8.0000e+00 3.9530e-03
9.0000e+00 3.3920e-03
1.0000e+01 3.5950e-03
1.1000e+01 3.6090e-03
1.2000e+01 4.4210e-03
1.3000e+01 3.6390e-03
1.4000e+01 4.1390e-03
1.5000e+01 3.3700e-03
1.6000e+01 3.7970e-03
1.7000e+01 4.8670e-03
1.8000e+01 4.2950e-03
1.9000e+01 3.5760e-03
2.0000e+01 4.1010e-03
2.1000e+01 3.8950e-03
2.2000e+01 3.7580e-03
2.3000e+01 4.2200e-03
2.4000e+01 3.6880e-03
2.5000e+01 3.4270e-03
2.6000e+01 4.2650e-03
2.7000e+01 3.3560e-03
2.8000e+01 3.3930e-03
2.9000e+01 3.9880e-03
3.0000e+01 3.7380e-03
3.1000e+01 3.9140e-03
3.2000e+01 4.0580e-03
3.3000e+01 3.9140e-03
3.4000e+01 7.0140e-03
3.5000e+01 4.1260e-03
3.6000e+01 3.7210e-03
3.7000e+01 3.9730e-03
3.8000e+01 4.2440e-03
3.9000e+01 5.1020e-03
4.0000e+01 4.3850e-03
4.1000e+01 4.9640e-03
4.2000e+01 3.9470e-03
4.3000e+01 4.2110e-03
4.4000e+01 5.0030e-03
4.5000e+01 4.0910e-03
4.6000e+01 4.5270e-03
4.7000e+01 4.2540e-03
4.8000e+01 7.0790e-03
4.9000e+01 4.4200e-03
5.0000e+01 4.3400e-03
5.1000e+01 6.8300e-03
5.2000e+01 4.4940e-03
5.3000e+01 4.4570e-03
5.4000e+01 4.4370e-03
5.5000e+01 5.0310e-03
5.6000e+01 4.9750e-03
5.7000e+01 4.4710e-03
5.8000e+01 6.8530e-03
5.9000e+01 4.6000e-03
6.0000e+01 5.2040e-03
6.1000e+01 4.5000e-03
6.2000e+01 5.2040e-03
6.3000e+01 5.1790e-03
6.4000e+01 4.8170e-03
6.5000e+01 5.6030e-03
6.6000e+01 5.4450e-03
6.7000e+01 5.1370e-03
6.8000e+01 5.5810e-03
6.9000e+01 5.3820e-03
7.0000e+01 6.0000e-03
7.1000e+01 5.5080e-03
7.2000e+01 5.5980e-03
7.3000e+01 5.7300e-03
7.4000e+01 5.7100e-03
7.5000e+01 5.7470e-03
7.6000e+01 6.5160e-03
7.7000e+01 5.7190e-03
7.8000e+01 6.0530e-03
7.9000e+01 6.4810e-03
8.0000e+01 6.0480e-03
8.1000e+01 6.9540e-03
8.2000e+01 6.3670e-03
8.3000e+01 7.2590e-03
8.4000e+01 6.5890e-03
8.5000e+01 6.9110e-03
8.6000e+01 6.5780e-03
8.7000e+01 6.4390e-03
8.8000e+01 7.7120e-03
8.9000e+01 7.7900e-03
9.0000e+01 7.5470e-03
9.1000e+01 7.0100e-03
9.2000e+01 7.9570e-03
9.3000e+01 6.9890e-03
9.4000e+01 7.5810e-03
9.5000e+01 1.1987e-02
9.6000e+01 9.6100e-03
9.7000e+01 1.0468e-02
9.8000e+01 9.1700e-03
9.9000e+01 1.0761e-02
1.0000e+02 9.3240e-03
1.0100e+02 8.4360e-03
1.0200e+02 1.1349e-02
1.0300e+02 1.1140e-02
1.0400e+02 1.2080e-02
1.0500e+02 1.2696e-02
1.0600e+02 1.3471e-02
1.0700e+02 1.2338e-02
1.0800e+02 1.3129e-02
1.0900e+02 1.3467e-02
1.1000e+02 1.3367e-02
1.1100e+02 1.1793e-02
1.1200e+02 1.1418e-02
1.1300e+02 1.4014e-02
1.1400e+02 9.0890e-03
1.1500e+02 9.2330e-03
1.1600e+02 9.0670e-03
1.1700e+02 9.3390e-03
1.1800e+02 9.5460e-03
1.1900e+02 9.0820e-03
1.2000e+02 9.5870e-03
1.2100e+02 1.2151e-02
1.2200e+02 1.5176e-02
1.2300e+02 1.3643e-02
1.2400e+02 1.5374e-02
1.2500e+02 1.3821e-02
1.2600e+02 1.4455e-02
1.2700e+02 1.6633e-02
1.2800e+02 1.6595e-02
1.2900e+02 1.8065e-02
1.3000e+02 1.6908e-02
1.3100e+02 2.0729e-02
1.3200e+02 1.7710e-02
1.3300e+02 1.9562e-02
1.3400e+02 1.8669e-02
1.3500e+02 1.9980e-02
1.3600e+02 2.0579e-02
1.3700e+02 2.1397e-02
1.3800e+02 2.1732e-02
1.3900e+02 1.9846e-02
1.4000e+02 1.8610e-02
1.4100e+02 1.9066e-02
1.4200e+02 2.2865e-02
1.4300e+02 2.1208e-02
1.4400e+02 2.1293e-02
1.4500e+02 2.3063e-02
1.4600e+02 2.2942e-02
1.4700e+02 2.4105e-02
1.4800e+02 2.3497e-02
1.4900e+02 2.4141e-02
1.5000e+02 2.4527e-02
1.5100e+02 2.3019e-02
1.5200e+02 1.6421e-02
1.5300e+02 1.7923e-02
1.5400e+02 1.8494e-02
1.5500e+02 2.2611e-02
1.5600e+02 2.0570e-02
1.5700e+02 2.3252e-02
1.5800e+02 1.7093e-02
1.5900e+02 2.0777e-02
1.6000e+02 2.4124e-02
1.6100e+02 2.6049e-02
1.6200e+02 2.0829e-02
1.6300e+02 2.0472e-02
1.6400e+02 1.7103e-02
1.6500e+02 2.1653e-02
1.6600e+02 2.7143e-02
1.6700e+02 2.5715e-02
1.6800e+02 1.6236e-02
1.6900e+02 1.7588e-02
1.7000e+02 2.2140e-02
1.7100e+02 1.9512e-02
1.7200e+02 1.8914e-02
1.7300e+02 1.7915e-02
1.7400e+02 1.6455e-02
1.7500e+02 2.0243e-02
1.7600e+02 2.5222e-02
1.7700e+02 2.4879e-02
1.7800e+02 2.0572e-02
1.7900e+02 2.0782e-02
1.8000e+02 1.8419e-02
1.8100e+02 2.6032e-02
1.8200e+02 2.4762e-02
1.8300e+02 1.8020e-02
1.8400e+02 1.8115e-02
1.8500e+02 2.2445e-02
1.8600e+02 2.3700e-02
1.8700e+02 2.3121e-02
1.8800e+02 1.9989e-02
1.8900e+02 2.3951e-02
1.9000e+02 2.4867e-02
1.9100e+02 2.6399e-02
1.9200e+02 2.2510e-02
1.9300e+02 2.4168e-02
1.9400e+02 2.5333e-02
1.9500e+02 2.3093e-02
1.9600e+02 2.3441e-02
1.9700e+02 3.1209e-02
1.9800e+02 2.5856e-02
1.9900e+02 3.0098e-02
2.0000e+02 2.7145e-02
2.0100e+02 2.5714e-02
2.0200e+02 2.3815e-02
2.0300e+02 2.8530e-02
2.0400e+02 2.9954e-02
2.0500e+02 3.0753e-02
2.0600e+02 2.6719e-02
2.0700e+02 2.2409e-02
2.0800e+02 2.4278e-02
2.0900e+02 3.1997e-02
2.1000e+02 2.9240e-02
2.1100e+02 2.4841e-02
2.1200e+02 2.5477e-02
2.1300e+02 2.6848e-02
2.1400e+02 2.4440e-02
2.1500e+02 2.9473e-02
2.1600e+02 3.2931e-02
2.1700e+02 2.4432e-02
2.1800e+02 2.4410e-02
2.1900e+02 3.0157e-02
2.2000e+02 2.8134e-02
2.2100e+02 2.5014e-02
2.2200e+02 3.2078e-02
2.2300e+02 3.5046e-02
2.2400e+02 2.4402e-02
2.2500e+02 2.8282e-02
2.2600e+02 3.4143e-02
2.2700e+02 2.6643e-02
2.2800e+02 2.8755e-02
2.2900e+02 3.1060e-02
2.3000e+02 2.8881e-02
2.3100e+02 3.7476e-02
2.3200e+02 3.4990e-02
2.3300e+02 3.3294e-02
2.3400e+02 3.8392e-02
2.3500e+02 3.9536e-02
2.3600e+02 4.2345e-02
2.3700e+02 4.1942e-02
2.3800e+02 4.0035e-02
2.3900e+02 4.0194e-02
2.4000e+02 4.3531e-02
2.4100e+02 4.2483e-02
2.4200e+02 4.4340e-02
2.4300e+02 3.7638e-02
2.4400e+02 4.0556e-02
2.4500e+02 4.3918e-02
2.4600e+02 4.1343e-02
2.4700e+02 4.1431e-02
2.4800e+02 4.4195e-02
2.4900e+02 3.5075e-02
2.5000e+02 2.8480e-02
2.5100e+02 3.0429e-02
2.5200e+02 3.1588e-02
2.5300e+02 2.8020e-02
2.5400e+02 2.7154e-02
2.5500e+02 2.9996e-02
2.5600e+02 2.9372e-02
2.5700e+02 5.0764e-02
2.5800e+02 4.5747e-02
2.5900e+02 4.5594e-02
2.6000e+02 4.8523e-02
2.6100e+02 4.5061e-02
2.6200e+02 4.7406e-02
2.6300e+02 4.9191e-02
2.6400e+02 4.8025e-02
2.6500e+02 4.9167e-02
2.6600e+02 4.8741e-02
2.6700e+02 4.8240e-02
2.6800e+02 4.9390e-02
2.6900e+02 6.8108e-02
2.7000e+02 5.3333e-02
2.7100e+02 6.2326e-02
2.7200e+02 6.2085e-02
2.7300e+02 5.3279e-02
2.7400e+02 5.9478e-02
2.7500e+02 6.7059e-02
2.7600e+02 6.4909e-02
2.7700e+02 6.2699e-02
2.7800e+02 6.9570e-02
2.7900e+02 5.0823e-02
2.8000e+02 7.6281e-02
2.8100e+02 4.9334e-02
2.8200e+02 4.7663e-02
2.8300e+02 5.9099e-02
2.8400e+02 5.7646e-02
2.8500e+02 5.1642e-02
2.8600e+02 6.3026e-02
2.8700e+02 8.0426e-02
2.8800e+02 8.4299e-02
2.8900e+02 9.2940e-02
2.9000e+02 8.4686e-02
2.9100e+02 7.9809e-02
2.9200e+02 7.7769e-02
2.9300e+02 9.1356e-02
2.9400e+02 8.5647e-02
2.9500e+02 8.6980e-02
2.9600e+02 8.8041e-02
2.9700e+02 8.9644e-02
2.9800e+02 8.3792e-02
2.9900e+02 8.0340e-02
3.0000e+02 7.8116e-02
3.0100e+02 9.0105e-02
3.0200e+02 8.8924e-02
3.0300e+02 8.2433e-02
3.0400e+02 7.4724e-02
3.0500e+02 8.5787e-02
3.0600e+02 8.1236e-02
3.0700e+02 9.4245e-02
3.0800e+02 7.6001e-02
3.0900e+02 5.6490e-02
3.1000e+02 7.8412e-02
3.1100e+02 7.1823e-02
3.1200e+02 7.9599e-02
3.1300e+02 8.2559e-02
3.1400e+02 8.5136e-02
3.1500e+02 9.3921e-02
3.1600e+02 8.3904e-02
3.1700e+02 8.5102e-02
3.1800e+02 9.0671e-02
3.1900e+02 9.5718e-02
3.2000e+02 9.0070e-02
3.2100e+02 8.3173e-02
3.2200e+02 9.7785e-02
3.2300e+02 8.7388e-02
3.2400e+02 8.8168e-02
3.2500e+02 9.0164e-02
3.2600e+02 9.5299e-02
3.2700e+02 1.0776e-01
3.2800e+02 1.0153e-01
3.2900e+02 7.6611e-02
3.3000e+02 6.7235e-02
3.3100e+02 6.6999e-02
3.3200e+02 6.7890e-02
3.3300e+02 6.8796e-02
3.3400e+02 6.8668e-02
3.3500e+02 6.8155e-02
3.3600e+02 7.8690e-02
3.3700e+02 8.9059e-02
3.3800e+02 7.6321e-02
3.3900e+02 7.6460e-02
3.4000e+02 7.3322e-02
3.4100e+02 7.5184e-02
3.4200e+02 7.4465e-02
3.4300e+02 7.5270e-02
3.4400e+02 7.4058e-02
3.4500e+02 7.7078e-02
3.4600e+02 1.0447e-01
3.4700e+02 1.0933e-01
3.4800e+02 9.2486e-02
3.4900e+02 9.9909e-02
3.5000e+02 1.0143e-01
3.5100e+02 1.0155e-01
3.5200e+02 9.6610e-02
3.5300e+02 1.1437e-01
3.5400e+02 9.7537e-02
3.5500e+02 1.0219e-01
3.5600e+02 9.5450e-02
3.5700e+02 9.6039e-02
3.5800e+02 1.0392e-01
3.5900e+02 1.1452e-01
3.6000e+02 1.2062e-01
3.6100e+02 1.1937e-01
3.6200e+02 1.1654e-01
3.6300e+02 1.2139e-01
3.6400e+02 1.1205e-01
3.6500e+02 1.1265e-01
3.6600e+02 1.3235e-01
3.6700e+02 1.2214e-01
3.6800e+02 1.1704e-01
3.6900e+02 1.1315e-01
3.7000e+02 1.0269e-01
3.7100e+02 1.0631e-01
3.7200e+02 1.2586e-01
3.7300e+02 1.1112e-01
3.7400e+02 1.0210e-01
3.7500e+02 9.8379e-02
3.7600e+02 8.7700e-02
3.7700e+02 9.9477e-02
3.7800e+02 1.1345e-01
3.7900e+02 1.1031e-01
3.8000e+02 1.1390e-01
3.8100e+02 1.0658e-01
3.8200e+02 9.9400e-02
3.8300e+02 1.1450e-01
3.8400e+02 1.2702e-01
3.8500e+02 1.1620e-01
3.8600e+02 1.2094e-01
3.8700e+02 1.3669e-01
3.8800e+02 1.2792e-01
3.8900e+02 1.1942e-01
3.9000e+02 1.0590e-01
3.9100e+02 1.0326e-01
3.9200e+02 9.8155e-02
3.9300e+02 9.7461e-02
3.9400e+02 1.0036e-01
3.9500e+02 9.9702e-02
3.9600e+02 1.0834e-01
3.9700e+02 1.0824e-01
3.9800e+02 1.0554e-01
3.9900e+02 1.0878e-01
4.0000e+02 1.0327e-01
4.0100e+02 1.0763e-01
4.0200e+02 1.2748e-01
4.0300e+02 1.5639e-01
4.0400e+02 1.4010e-01
4.0500e+02 1.4639e-01
4.0600e+02 1.3964e-01
4.0700e+02 1.5032e-01
4.0800e+02 1.3714e-01
4.0900e+02 1.2917e-01
4.1000e+02 1.2701e-01
4.1100e+02 1.3022e-01
4.1200e+02 1.2497e-01
4.1300e+02 1.5713e-01
4.1400e+02 1.5802e-01
4.1500e+02 1.6100e-01
4.1600e+02 1.5746e-01
4.1700e+02 1.5917e-01
4.1800e+02 1.8419e-01
4.1900e+02 1.7338e-01
4.2000e+02 1.6096e-01
4.2100e+02 1.6322e-01
4.2200e+02 1.6199e-01
4.2300e+02 1.7154e-01
4.2400e+02 1.6763e-01
4.2500e+02 1.7543e-01
4.2600e+02 1.5967e-01
4.2700e+02 1.8246e-01
4.2800e+02 1.5926e-01
4.2900e+02 1.7363e-01
4.3000e+02 1.7365e-01
4.3100e+02 1.4896e-01
4.3200e+02 1.4998e-01
4.3300e+02 1.2389e-01
4.3400e+02 1.5605e-01
4.3500e+02 1.7433e-01
4.3600e+02 1.7481e-01
4.3700e+02 1.5291e-01
4.3800e+02 1.5555e-01
4.3900e+02 1.7683e-01
4.4000e+02 1.1720e-01
4.4100e+02 1.3103e-01
4.4200e+02 1.3400e-01
4.4300e+02 1.3164e-01
4.4400e+02 1.3001e-01
4.4500e+02 1.3371e-01
4.4600e+02 1.5438e-01
4.4700e+02 1.5443e-01
4.4800e+02 1.2926e-01
4.4900e+02 1.3624e-01
4.5000e+02 1.6688e-01
4.5100e+02 1.7493e-01
4.5200e+02 1.6351e-01
4.5300e+02 1.6366e-01
4.5400e+02 1.4260e-01
4.5500e+02 1.7095e-01
4.5600e+02 1.7658e-01
4.5700e+02 1.8589e-01
4.5800e+02 2.0375e-01
4.5900e+02 2.0277e-01
4.6000e+02 2.0317e-01
4.6100e+02 2.1700e-01
4.6200e+02 1.9214e-01
4.6300e+02 2.0242e-01
4.6400e+02 2.0010e-01
4.6500e+02 2.1023e-01
4.6600e+02 1.9795e-01
4.6700e+02 2.1470e-01
4.6800e+02 2.1276e-01
4.6900e+02 2.1781e-01
4.7000e+02 2.1705e-01
4.7100e+02 2.1024e-01
4.7200e+02 2.0498e-01
4.7300e+02 2.1612e-01
4.7400e+02 2.0798e-01
4.7500e+02 2.1711e-01
4.7600e+02 2.2070e-01
4.7700e+02 2.3739e-01
4.7800e+02 2.2355e-01
4.7900e+02 2.0745e-01
4.8000e+02 2.1752e-01
4.8100e+02 2.3534e-01
4.8200e+02 2.2617e-01
4.8300e+02 1.9225e-01
4.8400e+02 1.6208e-01
4.8500e+02 1.6386e-01
4.8600e+02 1.6914e-01
4.8700e+02 1.6733e-01
4.8800e+02 1.6660e-01
4.8900e+02 1.7834e-01
4.9000e+02 2.2073e-01
4.9100e+02 1.7348e-01
4.9200e+02 2.2190e-01
4.9300e+02 2.3656e-01
4.9400e+02 2.3590e-01
4.9500e+02 2.3815e-01
4.9600e+02 2.3441e-01
4.9700e+02 2.6618e-01
4.9800e+02 2.2362e-01
4.9900e+02 2.5567e-01
5.0000e+02 2.4968e-01
5.0100e+02 2.6852e-01
5.0200e+02 2.7911e-01
5.0300e+02 2.5912e-01
5.0400e+02 2.6034e-01
5.0500e+02 2.5684e-01
5.0600e+02 2.6000e-01
5.0700e+02 2.6970e-01
5.0800e+02 2.7101e-01
5.0900e+02 2.6770e-01
5.1000e+02 2.6314e-01
5.1100e+02 2.7891e-01
5.1200e+02 2.6176e-01
5.1300e+02 2.6388e-01
5.1400e+02 2.7922e-01
5.1500e+02 2.6784e-01
5.1600e+02 2.1982e-01
5.1700e+02 2.1183e-01
5.1800e+02 2.1827e-01
5.1900e+02 2.3418e-01
5.2000e+02 2.1287e-01
5.2100e+02 2.2819e-01
5.2200e+02 2.3457e-01
5.2300e+02 2.7558e-01
5.2400e+02 2.8186e-01
5.2500e+02 2.7863e-01
5.2600e+02 2.5106e-01
5.2700e+02 2.3901e-01
5.2800e+02 2.4960e-01
5.2900e+02 2.5299e-01
5.3000e+02 2.7826e-01
5.3100e+02 3.0713e-01
5.3200e+02 3.0178e-01
5.3300e+02 3.0807e-01
5.3400e+02 2.9714e-01
5.3500e+02 2.7420e-01
5.3600e+02 2.8960e-01
5.3700e+02 3.2673e-01
5.3800e+02 3.2760e-01
5.3900e+02 2.8815e-01
5.4000e+02 2.8387e-01
5.4100e+02 3.2021e-01
5.4200e+02 3.2453e-01
5.4300e+02 3.1941e-01
5.4400e+02 3.1360e-01
5.4500e+02 3.1613e-01
5.4600e+02 3.2368e-01
5.4700e+02 3.1176e-01
5.4800e+02 2.6790e-01
5.4900e+02 2.7516e-01
5.5000e+02 2.6966e-01
5.5100e+02 3.1297e-01
5.5200e+02 2.7466e-01
5.5300e+02 3.2989e-01
5.5400e+02 3.2331e-01
5.5500e+02 3.3618e-01
5.5600e+02 3.3817e-01
5.5700e+02 3.1205e-01
5.5800e+02 3.2588e-01
5.5900e+02 3.6057e-01
5.6000e+02 3.4287e-01
5.6100e+02 3.6799e-01
5.6200e+02 3.5598e-01
5.6300e+02 3.5647e-01
5.6400e+02 3.5545e-01
5.6500e+02 3.7113e-01
5.6600e+02 3.5838e-01
5.6700e+02 3.3390e-01
5.6800e+02 3.4576e-01
5.6900e+02 3.0305e-01
5.7000e+02 2.7066e-01
5.7100e+02 3.3502e-01
5.7200e+02 3.0352e-01
5.7300e+02 3.4566e-01
5.7400e+02 3.0913e-01
5.7500e+02 3.0896e-01
5.7600e+02 2.9682e-01
5.7700e+02 3.3186e-01
5.7800e+02 3.0920e-01
5.7900e+02 3.7586e-01
5.8000e+02 3.9013e-01
5.8100e+02 3.9499e-01
5.8200e+02 2.8979e-01
5.8300e+02 3.1322e-01
5.8400e+02 3.8679e-01
5.8500e+02 4.0434e-01
5.8600e+02 4.0501e-01
5.8700e+02 4.0368e-01
5.8800e+02 3.9116e-01
5.8900e+02 4.0135e-01
5.9000e+02 4.0451e-01
5.9100e+02 4.4511e-01
5.9200e+02 4.0168e-01
5.9300e+02 4.1933e-01
5.9400e+02 3.9331e-01
5.9500e+02 4.1474e-01
5.9600e+02 4.0353e-01
5.9700e+02 3.5882e-01
5.9800e+02 3.7272e-01
5.9900e+02 4.0049e-01
6.0000e+02 3.3958e-01
6.0100e+02 3.7698e-01
6.0200e+02 4.1310e-01
6.0300e+02 4.3644e-01
6.0400e+02 4.1805e-01
6.0500e+02 4.0877e-01
6.0600e+02 4.4163e-01
6.0700e+02 4.2920e-01
6.0800e+02 4.3492e-01
6.0900e+02 4.3662e-01
6.1000e+02 4.2594e-01
6.1100e+02 4.3952e-01
6.1200e+02 4.2242e-01
6.1300e+02 4.4520e-01
6.1400e+02 4.4408e-01
6.1500e+02 4.4874e-01
6.1600e+02 4.3653e-01
6.1700e+02 4.5079e-01
6.1800e+02 4.4560e-01
6.1900e+02 3.7458e-01
6.2000e+02 3.6973e-01
6.2100e+02 3.7328e-01
6.2200e+02 4.0649e-01
6.2300e+02 4.2860e-01
6.2400e+02 4.3604e-01
6.2500e+02 4.4989e-01
6.2600e+02 4.0992e-01
6.2700e+02 3.6752e-01
6.2800e+02 3.8504e-01
6.2900e+02 3.7258e-01
6.3000e+02 4.0993e-01
6.3100e+02 4.5357e-01
6.3200e+02 3.6288e-01
6.3300e+02 4.8388e-01
6.3400e+02 3.8355e-01
6.3500e+02 4.2339e-01
6.3600e+02 4.8345e-01
6.3700e+02 4.0406e-01
6.3800e+02 3.7589e-01
6.3900e+02 3.9786e-01
6.4000e+02 4.4374e-01
6.4100e+02 4.0315e-01
6.4200e+02 5.0217e-01
6.4300e+02 4.7322e-01
6.4400e+02 4.9449e-01
6.4500e+02 4.7537e-01
6.4600e+02 5.3275e-01
6.4700e+02 4.9655e-01
6.4800e+02 4.8579e-01
6.4900e+02 5.1648e-01
6.5000e+02 5.0036e-01
6.5100e+02 5.0227e-01
6.5200e+02 5.3018e-01
6.5300e+02 5.3116e-01
6.5400e+02 5.0944e-01
6.5500e+02 5.2871e-01
6.5600e+02 5.3949e-01
6.5700e+02 4.5519e-01
6.5800e+02 4.6879e-01
6.5900e+02 4.3467e-01
6.6000e+02 5.0560e-01
6.6100e+02 5.3363e-01
6.6200e+02 5.0321e-01
6.6300e+02 3.9639e-01
6.6400e+02 4.4807e-01
6.6500e+02 4.4958e-01
6.6600e+02 5.2857e-01
6.6700e+02 5.5353e-01
6.6800e+02 5.3499e-01
6.6900e+02 5.5222e-01
6.7000e+02 5.6903e-01
6.7100e+02 4.5544e-01
6.7200e+02 4.2676e-01
6.7300e+02 4.8514e-01
6.7400e+02 4.4407e-01
6.7500e+02 4.5953e-01
6.7600e+02 4.5690e-01
6.7700e+02 5.7546e-01
6.7800e+02 5.7916e-01
6.7900e+02 4.4121e-01
6.8000e+02 4.8193e-01
6.8100e+02 5.7831e-01
6.8200e+02 5.7693e-01
6.8300e+02 5.7117e-01
6.8400e+02 4.5728e-01
6.8500e+02 5.9376e-01
6.8600e+02 4.6130e-01
6.8700e+02 4.6475e-01
6.8800e+02 5.5838e-01
6.8900e+02 5.5106e-01
6.9000e+02 5.1316e-01
6.9100e+02 4.6837e-01
6.9200e+02 4.9772e-01
6.9300e+02 4.9314e-01
6.9400e+02 5.8128e-01
6.9500e+02 5.7994e-01
6.9600e+02 5.7152e-01
6.9700e+02 6.0839e-01
6.9800e+02 6.4106e-01
6.9900e+02 4.8241e-01
7.0000e+02 5.6597e-01
7.0100e+02 6.1716e-01
7.0200e+02 6.1746e-01
7.0300e+02 6.1244e-01
7.0400e+02 5.5306e-01
7.0500e+02 6.1832e-01
7.0600e+02 6.3667e-01
7.0700e+02 5.7978e-01
7.0800e+02 5.4019e-01
7.0900e+02 5.5672e-01
7.1000e+02 5.4331e-01
7.1100e+02 5.5285e-01
7.1200e+02 5.3816e-01
7.1300e+02 6.2635e-01
7.1400e+02 6.4385e-01
7.1500e+02 6.6142e-01
7.1600e+02 5.2457e-01
7.1700e+02 6.2502e-01
7.1800e+02 6.4892e-01
7.1900e+02 6.3322e-01
7.2000e+02 6.4710e-01
7.2100e+02 6.1382e-01
7.2200e+02 5.0798e-01
7.2300e+02 5.5301e-01
7.2400e+02 5.4600e-01
7.2500e+02 5.5909e-01
7.2600e+02 6.9388e-01
7.2700e+02 6.4025e-01
7.2800e+02 6.5602e-01
7.2900e+02 6.8274e-01
7.3000e+02 6.7422e-01
7.3100e+02 5.9098e-01
7.3200e+02 6.7207e-01
7.3300e+02 7.0340e-01
7.3400e+02 7.1366e-01
7.3500e+02 6.7285e-01
7.3600e+02 6.6716e-01
7.3700e+02 6.8067e-01
7.3800e+02 6.1630e-01
7.3900e+02 5.9708e-01
7.4000e+02 6.2117e-01
7.4100e+02 7.1328e-01
7.4200e+02 6.9719e-01
7.4300e+02 6.9617e-01
7.4400e+02 7.1060e-01
7.4500e+02 5.6098e-01
7.4600e+02 7.1546e-01
7.4700e+02 6.9406e-01
7.4800e+02 5.6708e-01
7.4900e+02 5.9451e-01
7.5000e+02 5.8616e-01
7.5100e+02 6.1221e-01
7.5200e+02 6.9700e-01
7.5300e+02 7.1607e-01
7.5400e+02 7.2093e-01
7.5500e+02 6.8600e-01
7.5600e+02 7.3621e-01
7.5700e+02 6.7210e-01
7.5800e+02 6.5659e-01
7.5900e+02 5.8699e-01
7.6000e+02 5.8273e-01
7.6100e+02 7.5020e-01
7.6200e+02 6.1309e-01
7.6300e+02 6.3352e-01
7.6400e+02 6.5409e-01
7.6500e+02 6.8345e-01
7.6600e+02 7.2226e-01
7.6700e+02 6.2699e-01
7.6800e+02 5.8722e-01
7.6900e+02 6.4897e-01
7.7000e+02 7.5021e-01
7.7100e+02 7.7456e-01
7.7200e+02 6.4242e-01
7.7300e+02 6.4283e-01
7.7400e+02 7.9790e-01
7.7500e+02 6.6351e-01
7.7600e+02 6.7371e-01
7.7700e+02 6.7964e-01
7.7800e+02 8.0318e-01
7.7900e+02 6.6516e-01
7.8000e+02 5.6422e-01
7.8100e+02 6.5280e-01
7.8200e+02 8.0049e-01
7.8300e+02 7.7774e-01
7.8400e+02 7.8147e-01
7.8500e+02 8.1038e-01
7.8600e+02 6.1505e-01
7.8700e+02 7.1769e-01
7.8800e+02 6.7360e-01
7.8900e+02 7.4034e-01
7.9000e+02 5.6978e-01
7.9100e+02 7.2275e-01
7.9200e+02 8.0984e-01
7.9300e+02 6.8326e-01
7.9400e+02 7.9646e-01
7.9500e+02 6.9320e-01
7.9600e+02 6.5258e-01
7.9700e+02 8.2851e-01
7.9800e+02 8.5298e-01
7.9900e+02 7.0040e-01
8.0000e+02 7.0508e-01
8.0100e+02 6.7527e-01
8.0200e+02 7.4524e-01
8.0300e+02 6.9773e-01
8.0400e+02 7.7729e-01
8.0500e+02 8.6076e-01
8.0600e+02 6.6118e-01
8.0700e+02 8.4368e-01
8.0800e+02 8.3249e-01
8.0900e+02 8.5108e-01
8.1000e+02 9.1245e-01
8.1100e+02 7.4133e-01
8.1200e+02 7.7319e-01
8.1300e+02 9.3990e-01
8.1400e+02 8.4397e-01
8.1500e+02 8.8958e-01
8.1600e+02 8.8153e-01
8.1700e+02 8.6866e-01
8.1800e+02 6.6719e-01
8.1900e+02 7.9745e-01
8.2000e+02 7.3220e-01
8.2100e+02 8.0904e-01
8.2200e+02 7.6112e-01
8.2300e+02 8.0826e-01
8.2400e+02 9.1354e-01
8.2500e+02 9.0578e-01
8.2600e+02 9.0905e-01
8.2700e+02 8.9328e-01
8.2800e+02 9.0660e-01
8.2900e+02 8.9136e-01
8.3000e+02 8.6558e-01
8.3100e+02 7.6256e-01
8.3200e+02 7.5324e-01
8.3300e+02 8.4511e-01
8.3400e+02 9.2354e-01
8.3500e+02 9.2437e-01
8.3600e+02 8.9071e-01
8.3700e+02 9.0508e-01
8.3800e+02 7.1766e-01
8.3900e+02 6.8965e-01
8.4000e+02 8.7917e-01
8.4100e+02 8.1984e-01
8.4200e+02 8.2276e-01
8.4300e+02 8.8061e-01
8.4400e+02 9.3150e-01
8.4500e+02 8.4518e-01
8.4600e+02 8.4518e-01
8.4700e+02 7.0535e-01
8.4800e+02 8.5608e-01
8.4900e+02 7.0392e-01
8.5000e+02 9.1942e-01
8.5100e+02 8.7784e-01
8.5200e+02 8.6990e-01
8.5300e+02 9.0557e-01
8.5400e+02 9.6785e-01
8.5500e+02 9.5869e-01
8.5600e+02 9.7833e-01
8.5700e+02 7.0358e-01
8.5800e+02 6.9741e-01
8.5900e+02 7.1978e-01
8.6000e+02 8.5614e-01
8.6100e+02 8.6476e-01
8.6200e+02 9.6889e-01
8.6300e+02 9.7365e-01
8.6400e+02 9.8446e-01
8.6500e+02 8.0840e-01
8.6600e+02 8.0339e-01
8.6700e+02 8.2936e-01
8.6800e+02 7.4467e-01
8.6900e+02 8.2847e-01
8.7000e+02 9.0880e-01
8.7100e+02 9.2442e-01
8.7200e+02 1.0147e+00
8.7300e+02 1.0657e+00
8.7400e+02 8.2663e-01
8.7500e+02 7.6180e-01
8.7600e+02 9.6833e-01
8.7700e+02 1.0111e+00
8.7800e+02 1.0059e+00
8.7900e+02 9.1373e-01
8.8000e+02 9.3709e-01
8.8100e+02 1.0531e+00
8.8200e+02 9.0929e-01
8.8300e+02 9.7288e-01
8.8400e+02 1.0490e+00
8.8500e+02 8.0086e-01
8.8600e+02 7.7867e-01
8.8700e+02 8.8243e-01
8.8800e+02 9.1828e-01
8.8900e+02 1.0193e+00
8.9000e+02 1.0507e+00
8.9100e+02 1.0406e+00
8.9200e+02 1.0485e+00
8.9300e+02 8.9205e-01
8.9400e+02 1.0296e+00
8.9500e+02 9.6015e-01
8.9600e+02 1.0132e+00
8.9700e+02 9.6779e-01
8.9800e+02 9.8696e-01
8.9900e+02 7.8788e-01
9.0000e+02 1.0006e+00
9.0100e+02 8.1698e-01
9.0200e+02 8.8603e-01
9.0300e+02 1.0996e+00
9.0400e+02 9.8233e-01
9.0500e+02 9.8740e-01
9.0600e+02 9.6680e-01
9.0700e+02 1.0572e+00
9.0800e+02 1.1448e+00
9.0900e+02 8.4277e-01
9.1000e+02 1.0883e+00
9.1100e+02 8.9025e-01
9.1200e+02 8.4923e-01
9.1300e+02 1.0651e+00
9.1400e+02 1.0354e+00
9.1500e+02 1.0488e+00
9.1600e+02 8.7190e-01
9.1700e+02 1.1425e+00
9.1800e+02 9.1378e-01
9.1900e+02 1.1435e+00
9.2000e+02 1.1306e+00
9.2100e+02 9.3814e-01
9.2200e+02 1.0044e+00
9.2300e+02 1.1078e+00
9.2400e+02 1.1714e+00
9.2500e+02 1.1797e+00
9.2600e+02 1.1625e+00
9.2700e+02 1.2528e+00
9.2800e+02 1.0781e+00
9.2900e+02 9.8989e-01
9.3000e+02 1.0716e+00
9.3100e+02 1.1558e+00
9.3200e+02 8.6514e-01
9.3300e+02 1.2072e+00
9.3400e+02 9.1067e-01
9.3500e+02 9.1188e-01
9.3600e+02 1.2043e+00
9.3700e+02 1.0617e+00
9.3800e+02 1.0561e+00
9.3900e+02 1.0836e+00
9.4000e+02 1.1823e+00
9.4100e+02 8.9488e-01
9.4200e+02 1.2150e+00
9.4300e+02 1.2240e+00
9.4400e+02 1.0818e+00
9.4500e+02 1.0332e+00
9.4600e+02 1.1078e+00
9.4700e+02 9.3430e-01
9.4800e+02 1.0734e+00
9.4900e+02 9.3588e-01
9.5000e+02 1.0572e+00
9.5100e+02 1.1968e+00
9.5200e+02 9.2670e-01
9.5300e+02 1.0632e+00
9.5400e+02 1.1577e+00
9.5500e+02 1.0069e+00
9.5600e+02 9.4956e-01
9.5700e+02 1.2415e+00
9.5800e+02 1.0461e+00
9.5900e+02 9.5589e-01
9.6000e+02 1.0913e+00
9.6100e+02 1.1521e+00
9.6200e+02 1.0338e+00
9.6300e+02 9.9352e-01
9.6400e+02 1.2772e+00
9.6500e+02 1.0076e+00
9.6600e+02 1.0575e+00
9.6700e+02 1.0944e+00
9.6800e+02 1.1036e+00
9.6900e+02 1.2852e+00
9.7000e+02 9.7442e-01
9.7100e+02 1.3396e+00
9.7200e+02 9.8833e-01
9.7300e+02 1.3165e+00
9.7400e+02 1.1425e+00
9.7500e+02 1.1455e+00
9.7600e+02 9.9361e-01
9.7700e+02 1.3149e+00
9.7800e+02 1.1626e+00
9.7900e+02 1.2761e+00
9.8000e+02 1.1869e+00
9.8100e+02 1.1628e+00
9.8200e+02 1.2294e+00
9.8300e+02 1.2680e+00
9.8400e+02 1.1369e+00
9.8500e+02 1.3482e+00
9.8600e+02 1.3424e+00
9.8700e+02 1.1987e+00
9.8800e+02 1.2837e+00
9.8900e+02 1.2877e+00
9.9000e+02 1.2921e+00
9.9100e+02 1.2693e+00
9.9200e+02 1.1756e+00
9.9300e+02 1.1300e+00
9.9400e+02 1.1216e+00
9.9500e+02 1.2321e+00
9.9600e+02 1.2838e+00
9.9700e+02 1.2923e+00
9.9800e+02 1.2436e+00
9.9900e+02 1.3682e+00
1.0000e+03 1.2412e+00
1.0010e+03 1.3006e+00
