2.0000e+00 9.6380e-03
2.0000e+00 9.6380e-03
3.0000e+00 4.3390e-03
4.0000e+00 3.3490e-03
5.0000e+00 4.4890e-03
6.0000e+00 3.2420e-03
7.0000e+00 3.2200e-03
8.0000e+00 2.7070e-03
9.0000e+00 3.9390e-03
1.0000e+01 2.5120e-03
1.1000e+01 2.5680e-03
1.2000e+01 3.0070e-03
1.3000e+01 3.2960e-03
1.4000e+01 3.3950e-03
1.5000e+01 3.5650e-03
1.6000e+01 3.8480e-03
1.7000e+01 3.6420e-03
1.8000e+01 3.3020e-03
1.9000e+01 3.9450e-03
2.0000e+01 3.4210e-03
2.1000e+01 4.0660e-03
2.2000e+01 3.9290e-03
2.3000e+01 4.3470e-03
2.4000e+01 3.8130e-03
2.5000e+01 3.7740e-03
2.6000e+01 3.6690e-03
2.7000e+01 3.6970e-03
2.8000e+01 4.6390e-03
2.9000e+01 4.2510e-03
3.0000e+01 3.9210e-03
3.1000e+01 6.3260e-03
3.2000e+01 4.5140e-03
3.3000e+01 1.2136e-02
3.4000e+01 1.1313e-02
3.5000e+01 1.1543e-02
3.6000e+01 9.7700e-03
3.7000e+01 1.3465e-02
3.8000e+01 1.2223e-02
3.9000e+01 1.2240e-02
4.0000e+01 1.2707e-02
4.1000e+01 1.2356e-02
4.2000e+01 1.2552e-02
4.3000e+01 1.3946e-02
4.4000e+01 1.2486e-02
4.5000e+01 1.4103e-02
4.6000e+01 1.3040e-02
4.7000e+01 1.4939e-02
4.8000e+01 1.4766e-02
4.9000e+01 1.8560e-02
5.0000e+01 1.9915e-02
5.1000e+01 2.1836e-02
5.2000e+01 2.1646e-02
5.3000e+01 2.0125e-02
5.4000e+01 1.9590e-02
5.5000e+01 2.2946e-02
5.6000e+01 2.0234e-02
5.7000e+01 2.3622e-02
5.8000e+01 2.3221e-02
5.9000e+01 2.5590e-02
6.0000e+01 2.5084e-02
6.1000e+01 2.7737e-02
6.2000e+01 2.3965e-02
6.3000e+01 2.6920e-02
6.4000e+01 2.6553e-02
6.5000e+01 3.0290e-02
6.6000e+01 2.8390e-02
6.7000e+01 3.5235e-02
6.8000e+01 3.2644e-02
6.9000e+01 3.2764e-02
7.0000e+01 3.5552e-02
7.1000e+01 3.6537e-02
7.2000e+01 3.2279e-02
7.3000e+01 3.3955e-02
7.4000e+01 3.4152e-02
7.5000e+01 3.5684e-02
7.6000e+01 3.4676e-02
7.7000e+01 3.7460e-02
7.8000e+01 3.5049e-02
7.9000e+01 3.8110e-02
8.0000e+01 3.4796e-02
8.1000e+01 3.9995e-02
8.2000e+01 4.4217e-02
8.3000e+01 4.1645e-02
8.4000e+01 4.3165e-02
8.5000e+01 4.0410e-02
8.6000e+01 4.4886e-02
8.7000e+01 4.4770e-02
8.8000e+01 4.4556e-02
8.9000e+01 4.4993e-02
9.0000e+01 4.3979e-02
9.1000e+01 4.6276e-02
9.2000e+01 4.5672e-02
9.3000e+01 4.5386e-02
9.4000e+01 4.6388e-02
9.5000e+01 4.7610e-02
9.6000e+01 4.5639e-02
9.7000e+01 5.2771e-02
9.8000e+01 5.1564e-02
9.9000e+01 5.1933e-02
1.0000e+02 5.4752e-02
1.0100e+02 6.0284e-02
2.0000e+00 9.9190e-03
3.0000e+00 3.1410e-03
4.0000e+00 3.4330e-03
5.0000e+00 4.1970e-03
6.0000e+00 4.8520e-03
7.0000e+00 4.3440e-03
8.0000e+00 4.4350e-03
9.0000e+00 3.8660e-03
1.0000e+01 3.9740e-03
1.1000e+01 3.7020e-03
1.2000e+01 3.8750e-03
1.3000e+01 3.7410e-03
1.4000e+01 4.1100e-03
1.5000e+01 4.2490e-03
1.6000e+01 4.4620e-03
1.7000e+01 4.8020e-03
1.8000e+01 4.2290e-03
1.9000e+01 5.1560e-03
2.0000e+01 4.1180e-03
2.1000e+01 4.6090e-03
2.2000e+01 4.1270e-03
2.3000e+01 4.4420e-03
2.4000e+01 5.7520e-03
2.5000e+01 5.9290e-03
2.6000e+01 4.3150e-03
2.7000e+01 4.6310e-03
2.8000e+01 7.2830e-03
2.9000e+01 4.9780e-03
3.0000e+01 4.7570e-03
3.1000e+01 5.4360e-03
3.2000e+01 6.5680e-03
3.3000e+01 1.1774e-02
3.4000e+01 1.2198e-02
3.5000e+01 1.6045e-02
3.6000e+01 1.4543e-02
3.7000e+01 1.6454e-02
3.8000e+01 1.5647e-02
3.9000e+01 1.6891e-02
4.0000e+01 1.8604e-02
4.1000e+01 1.6878e-02
4.2000e+01 1.8235e-02
4.3000e+01 1.6263e-02
4.4000e+01 1.5009e-02
4.5000e+01 1.7487e-02
4.6000e+01 1.8243e-02
4.7000e+01 2.1415e-02
4.8000e+01 1.8572e-02
4.9000e+01 2.4157e-02
5.0000e+01 2.7520e-02
5.1000e+01 2.7405e-02
5.2000e+01 2.5553e-02
5.3000e+01 2.7931e-02
5.4000e+01 2.9346e-02
5.5000e+01 2.9694e-02
5.6000e+01 2.8670e-02
5.7000e+01 3.0942e-02
5.8000e+01 3.1234e-02
5.9000e+01 3.0853e-02
6.0000e+01 3.1430e-02
6.1000e+01 3.1646e-02
6.2000e+01 3.1343e-02
6.3000e+01 3.1437e-02
6.4000e+01 3.1523e-02
6.5000e+01 4.0617e-02
6.6000e+01 4.1856e-02
6.7000e+01 4.3044e-02
6.8000e+01 3.8587e-02
6.9000e+01 4.3579e-02
7.0000e+01 4.7851e-02
7.1000e+01 4.3833e-02
7.2000e+01 4.4493e-02
7.3000e+01 4.4801e-02
7.4000e+01 4.4455e-02
7.5000e+01 4.1278e-02
7.6000e+01 4.3751e-02
7.7000e+01 4.5668e-02
7.8000e+01 4.6160e-02
7.9000e+01 4.7679e-02
8.0000e+01 4.6126e-02
8.1000e+01 5.8329e-02
8.2000e+01 5.5852e-02
8.3000e+01 5.3927e-02
8.4000e+01 5.3500e-02
8.5000e+01 4.5755e-02
8.6000e+01 4.3957e-02
8.7000e+01 6.0443e-02
8.8000e+01 5.6714e-02
8.9000e+01 6.2593e-02
9.0000e+01 6.1841e-02
9.1000e+01 6.3118e-02
9.2000e+01 6.1653e-02
9.3000e+01 6.0261e-02
9.4000e+01 6.1225e-02
9.5000e+01 6.6347e-02
9.6000e+01 6.1918e-02
9.7000e+01 6.9202e-02
9.8000e+01 7.6053e-02
9.9000e+01 7.4074e-02
1.0000e+02 7.2642e-02
1.0100e+02 7.2692e-02
2.0000e+00 9.6270e-03
3.0000e+00 4.3620e-03
4.0000e+00 7.7100e-03
5.0000e+00 6.3050e-03
6.0000e+00 4.7270e-03
7.0000e+00 4.6720e-03
8.0000e+00 4.1400e-03
9.0000e+00 5.3520e-03
1.0000e+01 5.0930e-03
1.1000e+01 4.7280e-03
1.2000e+01 4.0940e-03
1.3000e+01 4.5520e-03
1.4000e+01 4.9020e-03
1.5000e+01 4.7350e-03
1.6000e+01 4.4300e-03
1.7000e+01 6.3160e-03
1.8000e+01 4.8360e-03
1.9000e+01 5.3160e-03
2.0000e+01 5.0460e-03
2.1000e+01 5.3720e-03
2.2000e+01 4.6330e-03
2.3000e+01 5.0870e-03
2.4000e+01 5.5630e-03
2.5000e+01 7.9790e-03
2.6000e+01 7.4730e-03
2.7000e+01 6.2200e-03
2.8000e+01 6.0370e-03
2.9000e+01 5.7990e-03
3.0000e+01 6.4900e-03
3.1000e+01 6.3630e-03
3.2000e+01 8.5710e-03
3.3000e+01 1.4630e-02
3.4000e+01 1.6234e-02
3.5000e+01 1.8839e-02
3.6000e+01 1.7199e-02
3.7000e+01 2.0144e-02
3.8000e+01 1.9314e-02
3.9000e+01 2.1062e-02
4.0000e+01 1.9374e-02
4.1000e+01 2.0712e-02
4.2000e+01 2.1331e-02
4.3000e+01 2.0565e-02
4.4000e+01 2.0724e-02
4.5000e+01 2.7456e-02
4.6000e+01 2.4600e-02
4.7000e+01 2.5861e-02
4.8000e+01 2.3924e-02
4.9000e+01 3.4127e-02
5.0000e+01 3.1675e-02
5.1000e+01 3.3011e-02
5.2000e+01 3.3117e-02
5.3000e+01 3.3896e-02
5.4000e+01 3.7253e-02
5.5000e+01 3.2444e-02
5.6000e+01 3.4591e-02
5.7000e+01 3.4673e-02
5.8000e+01 3.7927e-02
5.9000e+01 3.7746e-02
6.0000e+01 3.6102e-02
6.1000e+01 3.9512e-02
6.2000e+01 3.8152e-02
6.3000e+01 4.1745e-02
6.4000e+01 3.5644e-02
6.5000e+01 4.9784e-02
6.6000e+01 5.1597e-02
6.7000e+01 4.9230e-02
6.8000e+01 4.6638e-02
6.9000e+01 5.3170e-02
7.0000e+01 5.1828e-02
7.1000e+01 5.5521e-02
7.2000e+01 5.0862e-02
7.3000e+01 5.6770e-02
7.4000e+01 5.3451e-02
7.5000e+01 5.5642e-02
7.6000e+01 5.7264e-02
7.7000e+01 6.0221e-02
7.8000e+01 5.8929e-02
7.9000e+01 6.3725e-02
8.0000e+01 5.7216e-02
8.1000e+01 6.4230e-02
8.2000e+01 6.5134e-02
8.3000e+01 7.0013e-02
8.4000e+01 6.9805e-02
8.5000e+01 6.6702e-02
8.6000e+01 7.3908e-02
8.7000e+01 6.7772e-02
8.8000e+01 7.4268e-02
8.9000e+01 7.7225e-02
9.0000e+01 7.2925e-02
9.1000e+01 7.8624e-02
9.2000e+01 6.9736e-02
9.3000e+01 7.6561e-02
9.4000e+01 7.7492e-02
9.5000e+01 8.2641e-02
9.6000e+01 7.1647e-02
9.7000e+01 8.0911e-02
9.8000e+01 8.7306e-02
9.9000e+01 8.8576e-02
1.0000e+02 8.9052e-02
1.0100e+02 8.9056e-02
2.0000e+00 1.1056e-02
3.0000e+00 9.1410e-03
4.0000e+00 6.9700e-03
5.0000e+00 5.5840e-03
6.0000e+00 4.8620e-03
7.0000e+00 4.5540e-03
8.0000e+00 5.3460e-03
9.0000e+00 7.7780e-03
1.0000e+01 7.0590e-03
1.1000e+01 6.1690e-03
1.2000e+01 6.8180e-03
1.3000e+01 5.0340e-03
1.4000e+01 5.7870e-03
1.5000e+01 7.4240e-03
1.6000e+01 6.9810e-03
1.7000e+01 4.7860e-03
1.8000e+01 6.4230e-03
1.9000e+01 6.3730e-03
2.0000e+01 6.8110e-03
2.1000e+01 5.9190e-03
2.2000e+01 5.6210e-03
2.3000e+01 8.4520e-03
2.4000e+01 5.3010e-03
2.5000e+01 7.2790e-03
2.6000e+01 6.1520e-03
2.7000e+01 8.0670e-03
2.8000e+01 6.0200e-03
2.9000e+01 6.4380e-03
3.0000e+01 6.9820e-03
3.1000e+01 8.2680e-03
3.2000e+01 1.0328e-02
3.3000e+01 2.0653e-02
3.4000e+01 1.8889e-02
3.5000e+01 2.2371e-02
3.6000e+01 2.0763e-02
3.7000e+01 2.1806e-02
3.8000e+01 2.4165e-02
3.9000e+01 2.0773e-02
4.0000e+01 2.0807e-02
4.1000e+01 2.3379e-02
4.2000e+01 2.3814e-02
4.3000e+01 2.2722e-02
4.4000e+01 2.5976e-02
4.5000e+01 2.2870e-02
4.6000e+01 2.2375e-02
4.7000e+01 2.9450e-02
4.8000e+01 2.6512e-02
4.9000e+01 3.5198e-02
5.0000e+01 3.4559e-02
5.1000e+01 3.5194e-02
5.2000e+01 3.5231e-02
5.3000e+01 3.4292e-02
5.4000e+01 3.6641e-02
5.5000e+01 3.3069e-02
5.6000e+01 3.5357e-02
5.7000e+01 3.7614e-02
5.8000e+01 3.4813e-02
5.9000e+01 3.9321e-02
6.0000e+01 3.6937e-02
6.1000e+01 4.1866e-02
6.2000e+01 4.2120e-02
6.3000e+01 4.1529e-02
6.4000e+01 3.9075e-02
6.5000e+01 5.3939e-02
6.6000e+01 5.1852e-02
6.7000e+01 5.4313e-02
6.8000e+01 5.0329e-02
6.9000e+01 5.1494e-02
7.0000e+01 5.2797e-02
7.1000e+01 5.8101e-02
7.2000e+01 5.2206e-02
7.3000e+01 5.5284e-02
7.4000e+01 5.3455e-02
7.5000e+01 6.1436e-02
7.6000e+01 5.9905e-02
7.7000e+01 5.9658e-02
7.8000e+01 5.7807e-02
7.9000e+01 6.0503e-02
8.0000e+01 5.8677e-02
8.1000e+01 6.9062e-02
8.2000e+01 6.3871e-02
8.3000e+01 6.7129e-02
8.4000e+01 7.1880e-02
8.5000e+01 7.2283e-02
8.6000e+01 6.9662e-02
8.7000e+01 5.1083e-02
8.8000e+01 5.4473e-02
8.9000e+01 4.6474e-02
9.0000e+01 6.4136e-02
9.1000e+01 4.7051e-02
9.2000e+01 6.3187e-02
9.3000e+01 7.2655e-02
9.4000e+01 7.9213e-02
9.5000e+01 7.5250e-02
9.6000e+01 7.5172e-02
9.7000e+01 8.1627e-02
9.8000e+01 8.6404e-02
9.9000e+01 8.8171e-02
1.0000e+02 9.2326e-02
1.0100e+02 9.1318e-02
2.0000e+00 1.0809e-02
3.0000e+00 7.2810e-03
4.0000e+00 6.3220e-03
5.0000e+00 4.3770e-03
6.0000e+00 4.4970e-03
7.0000e+00 3.9160e-03
8.0000e+00 4.2240e-03
9.0000e+00 6.9780e-03
1.0000e+01 5.7110e-03
1.1000e+01 4.1420e-03
1.2000e+01 5.1630e-03
1.3000e+01 4.8720e-03
1.4000e+01 4.4490e-03
1.5000e+01 4.5330e-03
1.6000e+01 5.8030e-03
1.7000e+01 4.5140e-03
1.8000e+01 4.7860e-03
1.9000e+01 4.3290e-03
2.0000e+01 4.7790e-03
2.1000e+01 5.7910e-03
2.2000e+01 4.5020e-03
2.3000e+01 5.9200e-03
2.4000e+01 5.2950e-03
2.5000e+01 5.0110e-03
2.6000e+01 4.8640e-03
2.7000e+01 6.2230e-03
2.8000e+01 4.9990e-03
2.9000e+01 4.8830e-03
3.0000e+01 5.1410e-03
3.1000e+01 5.7150e-03
3.2000e+01 5.3280e-03
3.3000e+01 1.6317e-02
3.4000e+01 1.6780e-02
3.5000e+01 1.6233e-02
3.6000e+01 1.3507e-02
3.7000e+01 1.8001e-02
3.8000e+01 1.8620e-02
3.9000e+01 1.7396e-02
4.0000e+01 1.9746e-02
4.1000e+01 1.9107e-02
4.2000e+01 1.7772e-02
4.3000e+01 1.9317e-02
4.4000e+01 1.8255e-02
4.5000e+01 1.7399e-02
4.6000e+01 1.3794e-02
4.7000e+01 1.6339e-02
4.8000e+01 1.4854e-02
4.9000e+01 1.7518e-02
5.0000e+01 1.5081e-02
5.1000e+01 2.3893e-02
5.2000e+01 3.1913e-02
5.3000e+01 3.0685e-02
5.4000e+01 2.8827e-02
5.5000e+01 3.0321e-02
5.6000e+01 2.8032e-02
5.7000e+01 2.9995e-02
5.8000e+01 2.9908e-02
5.9000e+01 3.0938e-02
6.0000e+01 2.7044e-02
6.1000e+01 3.4262e-02
6.2000e+01 3.3456e-02
6.3000e+01 3.6310e-02
6.4000e+01 3.1924e-02
6.5000e+01 3.9236e-02
6.6000e+01 3.8269e-02
6.7000e+01 4.4261e-02
6.8000e+01 4.0838e-02
6.9000e+01 4.4853e-02
7.0000e+01 4.2636e-02
7.1000e+01 4.8978e-02
7.2000e+01 4.4900e-02
7.3000e+01 4.7254e-02
7.4000e+01 4.6087e-02
7.5000e+01 4.7460e-02
7.6000e+01 4.5569e-02
7.7000e+01 4.6074e-02
7.8000e+01 5.0690e-02
7.9000e+01 4.9791e-02
8.0000e+01 4.7567e-02
8.1000e+01 5.5447e-02
8.2000e+01 5.2017e-02
8.3000e+01 5.9713e-02
8.4000e+01 5.1729e-02
8.5000e+01 5.7794e-02
8.6000e+01 5.7039e-02
8.7000e+01 5.9693e-02
8.8000e+01 6.0508e-02
8.9000e+01 6.0426e-02
9.0000e+01 6.0427e-02
9.1000e+01 6.7739e-02
9.2000e+01 6.5449e-02
9.3000e+01 6.8253e-02
9.4000e+01 6.1204e-02
9.5000e+01 5.8277e-02
9.6000e+01 4.6156e-02
9.7000e+01 4.8796e-02
9.8000e+01 4.8406e-02
9.9000e+01 4.2810e-02
1.0000e+02 3.8745e-02
1.0100e+02 4.8179e-02
2.0000e+00 9.4070e-03
3.0000e+00 2.7560e-03
4.0000e+00 3.0780e-03
5.0000e+00 3.5040e-03
6.0000e+00 5.0980e-03
7.0000e+00 4.9650e-03
8.0000e+00 2.3910e-03
9.0000e+00 3.7870e-03
1.0000e+01 2.8910e-03
1.1000e+01 3.5150e-03
1.2000e+01 3.0810e-03
1.3000e+01 4.1060e-03
1.4000e+01 3.2040e-03
1.5000e+01 3.4070e-03
1.6000e+01 3.0280e-03
1.7000e+01 3.5750e-03
1.8000e+01 3.6250e-03
1.9000e+01 3.9360e-03
2.0000e+01 4.8050e-03
2.1000e+01 3.3470e-03
2.2000e+01 3.0170e-03
2.3000e+01 4.4430e-03
2.4000e+01 3.8880e-03
2.5000e+01 5.2200e-03
2.6000e+01 4.2230e-03
2.7000e+01 7.4350e-03
2.8000e+01 3.7060e-03
2.9000e+01 4.2310e-03
3.0000e+01 3.9020e-03
3.1000e+01 4.6290e-03
3.2000e+01 6.5660e-03
3.3000e+01 9.6110e-03
3.4000e+01 1.1608e-02
3.5000e+01 1.2943e-02
3.6000e+01 1.3504e-02
3.7000e+01 1.4304e-02
3.8000e+01 1.2773e-02
3.9000e+01 1.3864e-02
4.0000e+01 1.3480e-02
4.1000e+01 1.4797e-02
4.2000e+01 1.4582e-02
4.3000e+01 1.4795e-02
4.4000e+01 1.6661e-02
4.5000e+01 1.5626e-02
4.6000e+01 1.6832e-02
4.7000e+01 1.7324e-02
4.8000e+01 1.6649e-02
4.9000e+01 1.9436e-02
5.0000e+01 1.9618e-02
5.1000e+01 2.1379e-02
5.2000e+01 2.0477e-02
5.3000e+01 2.2202e-02
5.4000e+01 2.1804e-02
5.5000e+01 2.2617e-02
5.6000e+01 2.3036e-02
5.7000e+01 2.2554e-02
5.8000e+01 2.2023e-02
5.9000e+01 2.4985e-02
6.0000e+01 2.3416e-02
6.1000e+01 2.4597e-02
6.2000e+01 2.4889e-02
6.3000e+01 2.7700e-02
6.4000e+01 2.6856e-02
6.5000e+01 3.2540e-02
6.6000e+01 3.1457e-02
6.7000e+01 2.9865e-02
6.8000e+01 2.9363e-02
6.9000e+01 3.6080e-02
7.0000e+01 3.4807e-02
7.1000e+01 3.5515e-02
7.2000e+01 3.4375e-02
7.3000e+01 3.4313e-02
7.4000e+01 3.6115e-02
7.5000e+01 3.7323e-02
7.6000e+01 3.3889e-02
7.7000e+01 3.4864e-02
7.8000e+01 3.8048e-02
7.9000e+01 3.7054e-02
8.0000e+01 3.5966e-02
8.1000e+01 3.9843e-02
8.2000e+01 4.0544e-02
8.3000e+01 3.1897e-02
8.4000e+01 2.4114e-02
8.5000e+01 3.0586e-02
8.6000e+01 2.9891e-02
8.7000e+01 3.6380e-02
8.8000e+01 3.1256e-02
8.9000e+01 3.2727e-02
9.0000e+01 3.8760e-02
9.1000e+01 4.4563e-02
9.2000e+01 4.8822e-02
9.3000e+01 5.1236e-02
9.4000e+01 4.9091e-02
9.5000e+01 5.0166e-02
9.6000e+01 4.6622e-02
9.7000e+01 5.4313e-02
9.8000e+01 5.1662e-02
9.9000e+01 5.8218e-02
1.0000e+02 5.7054e-02
1.0100e+02 5.3743e-02
2.0000e+00 7.9540e-03
3.0000e+00 4.9770e-03
4.0000e+00 5.0100e-03
5.0000e+00 5.1370e-03
6.0000e+00 4.5550e-03
7.0000e+00 3.0990e-03
8.0000e+00 2.7940e-03
9.0000e+00 3.6560e-03
1.0000e+01 3.0700e-03
1.1000e+01 3.0940e-03
1.2000e+01 2.6080e-03
1.3000e+01 3.4550e-03
1.4000e+01 2.8620e-03
1.5000e+01 3.1480e-03
1.6000e+01 3.8500e-03
1.7000e+01 3.8860e-03
1.8000e+01 3.2450e-03
1.9000e+01 4.0870e-03
2.0000e+01 3.3630e-03
2.1000e+01 3.6110e-03
2.2000e+01 3.6320e-03
2.3000e+01 6.3050e-03
2.4000e+01 3.7220e-03
2.5000e+01 3.6800e-03
2.6000e+01 5.4400e-03
2.7000e+01 3.6060e-03
2.8000e+01 3.5890e-03
2.9000e+01 4.1210e-03
3.0000e+01 4.0470e-03
3.1000e+01 3.9910e-03
3.2000e+01 6.8860e-03
3.3000e+01 9.8470e-03
3.4000e+01 9.9650e-03
3.5000e+01 1.2161e-02
3.6000e+01 9.7920e-03
3.7000e+01 1.5011e-02
3.8000e+01 1.1705e-02
3.9000e+01 1.2736e-02
4.0000e+01 1.4245e-02
4.1000e+01 1.3786e-02
4.2000e+01 1.1897e-02
4.3000e+01 1.3334e-02
4.4000e+01 1.3401e-02
4.5000e+01 1.4221e-02
4.6000e+01 1.2569e-02
4.7000e+01 1.4926e-02
4.8000e+01 1.5333e-02
4.9000e+01 1.9492e-02
5.0000e+01 2.2637e-02
5.1000e+01 2.2625e-02
5.2000e+01 2.1992e-02
5.3000e+01 2.2173e-02
5.4000e+01 2.2244e-02
5.5000e+01 2.2334e-02
5.6000e+01 2.1710e-02
5.7000e+01 2.2084e-02
5.8000e+01 2.1350e-02
5.9000e+01 2.3397e-02
6.0000e+01 2.3398e-02
6.1000e+01 2.2042e-02
6.2000e+01 2.4289e-02
6.3000e+01 2.3979e-02
6.4000e+01 2.4271e-02
6.5000e+01 3.0673e-02
6.6000e+01 3.0058e-02
6.7000e+01 3.1368e-02
6.8000e+01 2.9785e-02
6.9000e+01 3.1592e-02
7.0000e+01 3.2223e-02
7.1000e+01 3.6278e-02
7.2000e+01 3.1420e-02
7.3000e+01 3.3862e-02
7.4000e+01 3.5153e-02
7.5000e+01 3.3365e-02
7.6000e+01 3.2619e-02
7.7000e+01 3.4972e-02
7.8000e+01 3.7241e-02
7.9000e+01 3.5924e-02
8.0000e+01 3.2789e-02
8.1000e+01 3.2689e-02
8.2000e+01 3.2396e-02
8.3000e+01 3.4316e-02
8.4000e+01 3.2558e-02
8.5000e+01 2.7142e-02
8.6000e+01 2.1465e-02
8.7000e+01 3.4618e-02
8.8000e+01 3.4691e-02
8.9000e+01 3.8541e-02
9.0000e+01 4.6108e-02
9.1000e+01 4.3103e-02
9.2000e+01 4.3109e-02
9.3000e+01 4.4223e-02
9.4000e+01 4.2185e-02
9.5000e+01 4.3824e-02
9.6000e+01 4.1681e-02
9.7000e+01 4.5995e-02
9.8000e+01 4.7707e-02
9.9000e+01 4.8219e-02
1.0000e+02 4.6517e-02
1.0100e+02 5.6733e-02
