1.0000e+00 4.2700e-04
1.0000e+00 4.2700e-04
2.0000e+00 1.3246e-02
3.0000e+00 1.0736e-02
4.0000e+00 1.0696e-02
5.0000e+00 7.4070e-03
6.0000e+00 7.0080e-03
7.0000e+00 9.8960e-03
8.0000e+00 8.2260e-03
9.0000e+00 8.3070e-03
1.0000e+01 8.4480e-03
1.1000e+01 8.8970e-03
1.2000e+01 9.9580e-03
1.3000e+01 9.5900e-03
1.4000e+01 9.1070e-03
1.5000e+01 9.2100e-03
1.6000e+01 1.1656e-02
1.7000e+01 9.7360e-03
1.8000e+01 9.4270e-03
1.9000e+01 1.1410e-02
2.0000e+01 9.8110e-03
2.1000e+01 1.3881e-02
2.2000e+01 1.4906e-02
2.3000e+01 1.4058e-02
2.4000e+01 1.3767e-02
2.5000e+01 1.2218e-02
2.6000e+01 1.3012e-02
2.7000e+01 1.6961e-02
2.8000e+01 1.3369e-02
2.9000e+01 1.5753e-02
3.0000e+01 1.4126e-02
3.1000e+01 1.5665e-02
3.2000e+01 1.6724e-02
3.3000e+01 3.1254e-02
3.4000e+01 3.1208e-02
3.5000e+01 3.7932e-02
3.6000e+01 3.3350e-02
3.7000e+01 3.8285e-02
3.8000e+01 4.2310e-02
3.9000e+01 4.6464e-02
4.0000e+01 4.0131e-02
4.1000e+01 3.7686e-02
4.2000e+01 4.1887e-02
4.3000e+01 4.5765e-02
4.4000e+01 4.1872e-02
4.5000e+01 4.8707e-02
4.6000e+01 4.7636e-02
4.7000e+01 4.4653e-02
4.8000e+01 4.8779e-02
4.9000e+01 5.6700e-02
5.0000e+01 5.5889e-02
5.1000e+01 6.0718e-02
5.2000e+01 6.3935e-02
5.3000e+01 6.3764e-02
5.4000e+01 6.5401e-02
5.5000e+01 6.9494e-02
5.6000e+01 6.5251e-02
5.7000e+01 5.5032e-02
5.8000e+01 6.8385e-02
5.9000e+01 6.9019e-02
6.0000e+01 7.1744e-02
6.1000e+01 8.1769e-02
6.2000e+01 7.4708e-02
6.3000e+01 8.1588e-02
6.4000e+01 7.6670e-02
6.5000e+01 9.9211e-02
6.6000e+01 9.8756e-02
6.7000e+01 1.0078e-01
6.8000e+01 9.7274e-02
6.9000e+01 1.0785e-01
7.0000e+01 1.1549e-01
7.1000e+01 1.2011e-01
7.2000e+01 1.0177e-01
7.3000e+01 1.2818e-01
7.4000e+01 1.2307e-01
7.5000e+01 1.3076e-01
7.6000e+01 1.2139e-01
7.7000e+01 1.3359e-01
7.8000e+01 1.3732e-01
7.9000e+01 1.2481e-01
8.0000e+01 1.1723e-01
8.1000e+01 1.5018e-01
8.2000e+01 1.3601e-01
8.3000e+01 1.4213e-01
8.4000e+01 1.4121e-01
8.5000e+01 1.3845e-01
8.6000e+01 1.4966e-01
8.7000e+01 1.6123e-01
8.8000e+01 1.3129e-01
8.9000e+01 1.5442e-01
9.0000e+01 1.9033e-01
9.1000e+01 1.8764e-01
9.2000e+01 1.6496e-01
9.3000e+01 1.6976e-01
9.4000e+01 1.8527e-01
9.5000e+01 2.0763e-01
9.6000e+01 1.8478e-01
9.7000e+01 2.1741e-01
9.8000e+01 2.0169e-01
9.9000e+01 1.8955e-01
1.0000e+02 1.8318e-01
1.0100e+02 1.9713e-01
1.0200e+02 1.9689e-01
1.0300e+02 2.0757e-01
1.0400e+02 2.0014e-01
1.0500e+02 1.9433e-01
1.0600e+02 2.0925e-01
1.0700e+02 2.1859e-01
1.0800e+02 2.1233e-01
1.0900e+02 2.1142e-01
1.1000e+02 2.3452e-01
1.1100e+02 2.2470e-01
1.1200e+02 2.2257e-01
1.1300e+02 2.3155e-01
1.1400e+02 2.5116e-01
1.1500e+02 2.4821e-01
1.1600e+02 2.5474e-01
1.1700e+02 2.6758e-01
1.1800e+02 2.8080e-01
1.1900e+02 2.7284e-01
1.2000e+02 2.6065e-01
1.2100e+02 2.7635e-01
1.2200e+02 2.7182e-01
1.2300e+02 2.9518e-01
1.2400e+02 2.7053e-01
1.2500e+02 2.8896e-01
1.2600e+02 2.9804e-01
1.2700e+02 2.9194e-01
1.2800e+02 4.0400e-01
1.2900e+02 4.5181e-01
1.3000e+02 4.7584e-01
1.3100e+02 4.4044e-01
1.3200e+02 4.7903e-01
1.3300e+02 4.9556e-01
1.3400e+02 4.7234e-01
1.3500e+02 5.0606e-01
1.3600e+02 4.7499e-01
1.3700e+02 4.5321e-01
1.3800e+02 3.4428e-01
1.3900e+02 4.7160e-01
1.4000e+02 4.7688e-01
1.4100e+02 3.8362e-01
1.4200e+02 5.4737e-01
1.4300e+02 4.9171e-01
1.4400e+02 3.8002e-01
1.4500e+02 5.4377e-01
1.4600e+02 4.9171e-01
1.4700e+02 5.3730e-01
1.4800e+02 5.9844e-01
1.4900e+02 6.2120e-01
1.5000e+02 5.9128e-01
