2.0000e+00 9.6660e-03
2.0000e+00 9.6660e-03
3.0000e+00 6.8350e-03
4.0000e+00 6.1500e-03
5.0000e+00 4.6360e-03
6.0000e+00 4.6850e-03
7.0000e+00 5.6460e-03
8.0000e+00 4.8930e-03
9.0000e+00 3.6310e-03
1.0000e+01 3.9710e-03
1.1000e+01 4.1410e-03
1.2000e+01 6.6040e-03
1.3000e+01 3.4520e-03
1.4000e+01 3.4710e-03
1.5000e+01 3.5650e-03
1.6000e+01 3.5950e-03
1.7000e+01 3.4870e-03
1.8000e+01 4.1040e-03
1.9000e+01 3.7190e-03
2.0000e+01 3.5730e-03
2.1000e+01 4.1780e-03
2.2000e+01 3.7070e-03
2.3000e+01 3.3860e-03
2.4000e+01 4.1380e-03
2.5000e+01 3.8230e-03
2.6000e+01 3.6250e-03
2.7000e+01 4.1600e-03
2.8000e+01 3.8450e-03
2.9000e+01 3.7600e-03
3.0000e+01 4.3840e-03
3.1000e+01 3.8570e-03
3.2000e+01 4.0520e-03
3.3000e+01 5.5850e-03
3.4000e+01 3.9920e-03
3.5000e+01 4.9140e-03
3.6000e+01 3.5860e-03
3.7000e+01 3.8250e-03
3.8000e+01 4.1740e-03
3.9000e+01 4.3420e-03
4.0000e+01 4.3530e-03
4.1000e+01 4.5280e-03
4.2000e+01 4.1150e-03
4.3000e+01 4.3750e-03
4.4000e+01 5.4230e-03
4.5000e+01 4.6840e-03
4.6000e+01 4.4490e-03
4.7000e+01 4.3720e-03
4.8000e+01 4.4770e-03
4.9000e+01 4.4000e-03
5.0000e+01 4.4590e-03
5.1000e+01 5.2450e-03
5.2000e+01 4.8850e-03
5.3000e+01 4.5160e-03
5.4000e+01 4.4960e-03
5.5000e+01 4.3710e-03
5.6000e+01 6.8830e-03
5.7000e+01 4.5290e-03
5.8000e+01 4.6410e-03
5.9000e+01 4.6830e-03
6.0000e+01 4.4150e-03
6.1000e+01 4.4340e-03
6.2000e+01 6.9910e-03
6.3000e+01 4.6990e-03
6.4000e+01 4.6980e-03
6.5000e+01 7.1300e-03
6.6000e+01 5.3800e-03
6.7000e+01 4.8290e-03
6.8000e+01 4.8520e-03
6.9000e+01 5.3980e-03
7.0000e+01 5.5560e-03
7.1000e+01 5.0860e-03
7.2000e+01 5.1140e-03
7.3000e+01 7.5470e-03
7.4000e+01 5.2820e-03
7.5000e+01 5.5420e-03
7.6000e+01 5.6780e-03
7.7000e+01 5.1260e-03
7.8000e+01 5.9380e-03
7.9000e+01 6.1270e-03
8.0000e+01 6.3700e-03
8.1000e+01 5.7130e-03
8.2000e+01 6.1440e-03
8.3000e+01 5.9000e-03
8.4000e+01 7.9180e-03
8.5000e+01 6.1130e-03
8.6000e+01 6.2910e-03
8.7000e+01 9.5230e-03
8.8000e+01 7.6650e-03
8.9000e+01 6.5170e-03
9.0000e+01 6.5880e-03
9.1000e+01 7.5760e-03
9.2000e+01 6.3200e-03
9.3000e+01 8.1160e-03
9.4000e+01 7.9890e-03
9.5000e+01 7.6870e-03
9.6000e+01 7.2330e-03
9.7000e+01 7.4220e-03
9.8000e+01 7.7730e-03
9.9000e+01 7.6130e-03
1.0000e+02 8.4810e-03
1.0100e+02 7.1130e-03
1.0200e+02 7.5140e-03
1.0300e+02 8.6950e-03
1.0400e+02 8.0240e-03
1.0500e+02 8.5790e-03
1.0600e+02 7.6950e-03
1.0700e+02 9.2520e-03
1.0800e+02 8.2310e-03
1.0900e+02 9.4010e-03
1.1000e+02 8.5950e-03
1.1100e+02 9.8360e-03
1.1200e+02 9.3800e-03
1.1300e+02 9.6620e-03
1.1400e+02 1.0968e-02
1.1500e+02 1.5019e-02
1.1600e+02 9.5940e-03
1.1700e+02 1.0821e-02
1.1800e+02 9.6440e-03
1.1900e+02 9.8000e-03
1.2000e+02 1.0212e-02
1.2100e+02 9.4760e-03
1.2200e+02 1.0357e-02
1.2300e+02 1.0974e-02
1.2400e+02 1.0005e-02
1.2500e+02 9.7390e-03
1.2600e+02 9.8690e-03
1.2700e+02 1.0468e-02
1.2800e+02 1.3967e-02
1.2900e+02 1.4487e-02
1.3000e+02 1.0128e-02
1.3100e+02 1.0572e-02
1.3200e+02 1.0813e-02
1.3300e+02 1.1666e-02
1.3400e+02 1.1175e-02
1.3500e+02 1.1645e-02
1.3600e+02 1.3295e-02
1.3700e+02 1.2157e-02
1.3800e+02 1.6150e-02
1.3900e+02 1.3248e-02
1.4000e+02 1.3104e-02
1.4100e+02 1.2837e-02
1.4200e+02 1.2251e-02
1.4300e+02 1.2835e-02
1.4400e+02 1.2358e-02
1.4500e+02 1.1872e-02
1.4600e+02 1.2319e-02
1.4700e+02 1.4017e-02
1.4800e+02 1.3060e-02
1.4900e+02 1.4489e-02
1.5000e+02 1.3111e-02
1.5100e+02 1.4356e-02
1.5200e+02 1.3245e-02
1.5300e+02 1.4294e-02
1.5400e+02 1.3553e-02
1.5500e+02 1.4668e-02
1.5600e+02 1.4042e-02
1.5700e+02 1.4726e-02
1.5800e+02 1.3603e-02
1.5900e+02 1.5289e-02
1.6000e+02 1.4434e-02
1.6100e+02 1.5409e-02
1.6200e+02 1.4985e-02
1.6300e+02 1.5787e-02
1.6400e+02 1.4864e-02
1.6500e+02 1.5474e-02
1.6600e+02 1.4915e-02
1.6700e+02 1.5137e-02
1.6800e+02 1.5690e-02
1.6900e+02 1.6556e-02
1.7000e+02 1.6289e-02
1.7100e+02 1.6237e-02
1.7200e+02 1.5731e-02
1.7300e+02 1.9969e-02
1.7400e+02 2.2485e-02
1.7500e+02 2.2712e-02
1.7600e+02 1.9821e-02
1.7700e+02 1.9005e-02
1.7800e+02 1.7308e-02
1.7900e+02 1.7305e-02
1.8000e+02 1.7052e-02
1.8100e+02 1.6956e-02
1.8200e+02 1.7260e-02
1.8300e+02 1.7567e-02
1.8400e+02 1.7692e-02
1.8500e+02 1.8291e-02
1.8600e+02 1.8208e-02
1.8700e+02 1.8399e-02
1.8800e+02 1.7816e-02
1.8900e+02 1.8120e-02
1.9000e+02 1.8495e-02
1.9100e+02 1.9588e-02
1.9200e+02 1.8757e-02
1.9300e+02 1.9174e-02
1.9400e+02 1.9106e-02
1.9500e+02 1.9486e-02
1.9600e+02 1.9602e-02
1.9700e+02 1.9704e-02
1.9800e+02 2.2366e-02
1.9900e+02 2.0476e-02
2.0000e+02 2.4051e-02
2.0100e+02 2.6508e-02
2.0200e+02 2.5085e-02
2.0300e+02 2.2369e-02
2.0400e+02 2.6856e-02
2.0500e+02 2.5286e-02
2.0600e+02 2.6685e-02
2.0700e+02 2.4151e-02
2.0800e+02 2.7769e-02
2.0900e+02 3.0789e-02
2.1000e+02 2.2211e-02
2.1100e+02 2.3806e-02
2.1200e+02 2.9269e-02
2.1300e+02 2.6778e-02
2.1400e+02 2.2576e-02
2.1500e+02 2.4395e-02
2.1600e+02 2.8217e-02
2.1700e+02 3.0974e-02
2.1800e+02 2.3836e-02
2.1900e+02 3.2243e-02
2.2000e+02 3.3698e-02
2.2100e+02 3.6069e-02
2.2200e+02 3.2566e-02
2.2300e+02 2.8626e-02
2.2400e+02 2.5787e-02
2.2500e+02 3.5667e-02
2.2600e+02 3.0901e-02
2.2700e+02 2.5701e-02
2.2800e+02 2.5509e-02
2.2900e+02 3.3317e-02
2.3000e+02 2.8150e-02
2.3100e+02 3.2557e-02
2.3200e+02 3.6355e-02
2.3300e+02 3.4650e-02
2.3400e+02 3.0463e-02
2.3500e+02 3.7570e-02
2.3600e+02 2.8005e-02
2.3700e+02 2.8266e-02
2.3800e+02 3.1478e-02
2.3900e+02 3.1631e-02
2.4000e+02 2.7970e-02
2.4100e+02 3.4205e-02
2.4200e+02 3.2001e-02
2.4300e+02 2.9606e-02
2.4400e+02 2.7951e-02
2.4500e+02 3.9132e-02
2.4600e+02 2.9471e-02
2.4700e+02 3.7364e-02
2.4800e+02 3.3566e-02
2.4900e+02 2.9280e-02
2.5000e+02 3.0530e-02
2.5100e+02 4.3641e-02
2.5200e+02 4.0972e-02
2.5300e+02 4.0279e-02
2.5400e+02 3.5636e-02
2.5500e+02 3.3232e-02
2.5600e+02 3.8070e-02
2.5700e+02 5.7277e-02
2.5800e+02 6.0905e-02
2.5900e+02 5.0841e-02
2.6000e+02 5.2949e-02
2.6100e+02 5.2960e-02
2.6200e+02 5.5136e-02
2.6300e+02 5.7024e-02
2.6400e+02 4.9101e-02
2.6500e+02 4.6214e-02
2.6600e+02 4.7692e-02
2.6700e+02 4.8313e-02
2.6800e+02 4.9560e-02
2.6900e+02 5.0514e-02
2.7000e+02 5.1106e-02
2.7100e+02 5.2608e-02
2.7200e+02 5.6469e-02
2.7300e+02 6.4234e-02
2.7400e+02 6.6687e-02
2.7500e+02 6.4489e-02
2.7600e+02 6.2485e-02
2.7700e+02 5.1767e-02
2.7800e+02 5.3120e-02
2.7900e+02 5.4004e-02
2.8000e+02 5.7113e-02
2.8100e+02 5.3184e-02
2.8200e+02 5.4446e-02
2.8300e+02 5.4018e-02
2.8400e+02 7.0993e-02
2.8500e+02 6.4213e-02
2.8600e+02 6.4103e-02
2.8700e+02 6.3210e-02
2.8800e+02 6.4548e-02
2.8900e+02 7.3464e-02
2.9000e+02 7.0075e-02
2.9100e+02 6.6517e-02
2.9200e+02 6.7465e-02
2.9300e+02 8.2827e-02
2.9400e+02 5.9708e-02
2.9500e+02 6.5773e-02
2.9600e+02 6.4836e-02
2.9700e+02 6.4265e-02
2.9800e+02 6.6110e-02
2.9900e+02 6.8335e-02
3.0000e+02 7.0510e-02
3.0100e+02 6.2889e-02
3.0200e+02 9.2185e-02
3.0300e+02 7.1796e-02
3.0400e+02 7.4025e-02
3.0500e+02 6.3794e-02
3.0600e+02 7.1940e-02
3.0700e+02 6.2597e-02
3.0800e+02 6.7158e-02
3.0900e+02 5.8249e-02
3.1000e+02 9.1467e-02
3.1100e+02 8.5450e-02
3.1200e+02 8.3638e-02
3.1300e+02 9.2133e-02
3.1400e+02 8.8922e-02
3.1500e+02 9.4390e-02
3.1600e+02 1.0534e-01
3.1700e+02 9.3832e-02
3.1800e+02 9.0089e-02
3.1900e+02 9.6646e-02
3.2000e+02 9.0428e-02
3.2100e+02 9.8312e-02
3.2200e+02 9.3174e-02
3.2300e+02 1.0514e-01
3.2400e+02 9.5547e-02
3.2500e+02 1.0295e-01
3.2600e+02 9.5981e-02
3.2700e+02 9.4802e-02
3.2800e+02 9.2840e-02
3.2900e+02 1.0591e-01
3.3000e+02 8.9624e-02
3.3100e+02 9.5233e-02
3.3200e+02 1.0211e-01
3.3300e+02 1.0202e-01
3.3400e+02 9.6760e-02
3.3500e+02 1.1998e-01
3.3600e+02 1.0728e-01
3.3700e+02 9.2926e-02
3.3800e+02 1.0010e-01
3.3900e+02 1.0391e-01
3.4000e+02 9.4711e-02
3.4100e+02 1.1390e-01
3.4200e+02 1.1834e-01
3.4300e+02 1.1395e-01
3.4400e+02 9.4782e-02
3.4500e+02 9.9094e-02
3.4600e+02 8.7881e-02
3.4700e+02 1.0301e-01
3.4800e+02 1.0782e-01
3.4900e+02 1.3526e-01
3.5000e+02 1.1838e-01
3.5100e+02 1.1609e-01
3.5200e+02 1.0835e-01
3.5300e+02 1.0077e-01
3.5400e+02 1.0356e-01
3.5500e+02 1.2458e-01
3.5600e+02 7.8249e-02
3.5700e+02 8.9641e-02
3.5800e+02 9.1423e-02
3.5900e+02 1.2414e-01
3.6000e+02 1.0523e-01
3.6100e+02 9.0030e-02
3.6200e+02 1.0186e-01
3.6300e+02 1.0972e-01
3.6400e+02 9.2030e-02
3.6500e+02 1.0212e-01
3.6600e+02 1.1419e-01
3.6700e+02 1.1469e-01
3.6800e+02 1.1677e-01
3.6900e+02 1.1885e-01
3.7000e+02 1.3991e-01
3.7100e+02 1.2745e-01
3.7200e+02 1.2605e-01
3.7300e+02 1.3193e-01
3.7400e+02 1.3067e-01
3.7500e+02 1.2786e-01
3.7600e+02 1.2309e-01
3.7700e+02 1.2605e-01
3.7800e+02 1.2281e-01
3.7900e+02 1.1957e-01
3.8000e+02 1.3026e-01
3.8100e+02 1.3430e-01
3.8200e+02 1.1964e-01
3.8300e+02 1.2565e-01
3.8400e+02 1.2647e-01
3.8500e+02 1.4316e-01
3.8600e+02 1.3462e-01
3.8700e+02 1.4480e-01
3.8800e+02 1.2364e-01
3.8900e+02 1.2951e-01
3.9000e+02 1.1432e-01
3.9100e+02 1.0666e-01
3.9200e+02 1.1378e-01
3.9300e+02 1.1086e-01
3.9400e+02 1.0438e-01
3.9500e+02 1.0769e-01
3.9600e+02 1.1921e-01
3.9700e+02 1.2634e-01
3.9800e+02 1.2307e-01
3.9900e+02 1.1151e-01
4.0000e+02 1.0752e-01
4.0100e+02 1.2726e-01
4.0200e+02 1.5518e-01
4.0300e+02 1.3702e-01
4.0400e+02 1.3319e-01
4.0500e+02 1.5347e-01
4.0600e+02 1.3222e-01
4.0700e+02 1.3880e-01
4.0800e+02 1.5663e-01
4.0900e+02 1.2674e-01
4.1000e+02 1.2679e-01
4.1100e+02 1.4552e-01
4.1200e+02 1.3049e-01
4.1300e+02 1.3978e-01
4.1400e+02 1.5758e-01
4.1500e+02 1.6964e-01
4.1600e+02 1.6135e-01
4.1700e+02 1.5886e-01
4.1800e+02 1.5501e-01
4.1900e+02 1.8629e-01
4.2000e+02 1.7250e-01
4.2100e+02 1.7692e-01
4.2200e+02 1.7490e-01
4.2300e+02 1.9088e-01
4.2400e+02 1.6957e-01
4.2500e+02 1.7085e-01
4.2600e+02 1.6269e-01
4.2700e+02 1.7971e-01
4.2800e+02 1.7171e-01
4.2900e+02 1.8201e-01
4.3000e+02 1.7642e-01
4.3100e+02 1.9551e-01
4.3200e+02 1.7023e-01
4.3300e+02 1.8091e-01
4.3400e+02 1.7742e-01
4.3500e+02 1.7740e-01
4.3600e+02 1.7575e-01
4.3700e+02 1.8101e-01
4.3800e+02 1.7876e-01
4.3900e+02 1.7500e-01
4.4000e+02 1.7266e-01
4.4100e+02 1.5815e-01
4.4200e+02 1.4648e-01
4.4300e+02 1.5232e-01
4.4400e+02 1.4049e-01
4.4500e+02 1.8727e-01
4.4600e+02 2.0315e-01
4.4700e+02 1.9356e-01
4.4800e+02 1.8289e-01
4.4900e+02 2.1261e-01
4.5000e+02 2.1991e-01
4.5100e+02 1.8492e-01
4.5200e+02 2.1651e-01
4.5300e+02 2.1231e-01
4.5400e+02 1.8311e-01
4.5500e+02 2.0012e-01
4.5600e+02 2.1041e-01
4.5700e+02 1.8377e-01
4.5800e+02 1.9852e-01
4.5900e+02 2.1882e-01
4.6000e+02 2.2321e-01
4.6100e+02 2.0957e-01
4.6200e+02 1.9102e-01
4.6300e+02 1.9450e-01
4.6400e+02 2.0917e-01
4.6500e+02 2.2304e-01
4.6600e+02 2.2407e-01
4.6700e+02 2.2333e-01
4.6800e+02 2.2169e-01
4.6900e+02 2.0413e-01
4.7000e+02 2.1968e-01
4.7100e+02 2.2808e-01
4.7200e+02 2.3528e-01
4.7300e+02 2.3194e-01
4.7400e+02 2.3296e-01
4.7500e+02 2.3951e-01
4.7600e+02 2.3611e-01
4.7700e+02 2.2178e-01
4.7800e+02 2.3337e-01
4.7900e+02 2.2740e-01
4.8000e+02 2.3130e-01
4.8100e+02 2.3719e-01
4.8200e+02 2.3213e-01
4.8300e+02 2.3588e-01
4.8400e+02 2.3646e-01
4.8500e+02 2.3790e-01
4.8600e+02 2.4287e-01
4.8700e+02 2.2161e-01
4.8800e+02 2.4334e-01
4.8900e+02 2.1883e-01
4.9000e+02 2.1626e-01
4.9100e+02 2.0215e-01
4.9200e+02 1.9086e-01
4.9300e+02 2.0041e-01
4.9400e+02 2.3845e-01
4.9500e+02 2.7728e-01
4.9600e+02 2.5078e-01
4.9700e+02 2.5212e-01
4.9800e+02 2.1808e-01
4.9900e+02 2.6051e-01
5.0000e+02 2.1538e-01
5.0100e+02 2.0105e-01
5.0200e+02 2.6413e-01
5.0300e+02 2.7452e-01
5.0400e+02 2.5585e-01
5.0500e+02 2.4441e-01
5.0600e+02 2.6219e-01
5.0700e+02 2.3771e-01
5.0800e+02 2.3350e-01
5.0900e+02 2.8465e-01
5.1000e+02 2.8190e-01
5.1100e+02 2.8957e-01
5.1200e+02 2.8713e-01
5.1300e+02 2.9299e-01
5.1400e+02 2.8364e-01
5.1500e+02 3.1453e-01
5.1600e+02 2.9216e-01
5.1700e+02 3.0304e-01
5.1800e+02 2.8711e-01
5.1900e+02 2.6031e-01
5.2000e+02 2.7950e-01
5.2100e+02 3.0125e-01
5.2200e+02 2.8944e-01
5.2300e+02 3.1073e-01
5.2400e+02 2.3036e-01
5.2500e+02 2.4738e-01
5.2600e+02 2.3587e-01
5.2700e+02 2.2867e-01
5.2800e+02 2.3304e-01
5.2900e+02 2.4612e-01
5.3000e+02 2.9082e-01
5.3100e+02 3.0282e-01
5.3200e+02 2.9975e-01
5.3300e+02 3.1245e-01
5.3400e+02 2.8036e-01
5.3500e+02 3.0843e-01
5.3600e+02 3.0801e-01
5.3700e+02 3.2613e-01
5.3800e+02 3.1918e-01
5.3900e+02 2.9838e-01
5.4000e+02 2.8828e-01
5.4100e+02 3.2558e-01
5.4200e+02 3.1992e-01
5.4300e+02 3.3217e-01
5.4400e+02 3.2103e-01
5.4500e+02 3.3525e-01
5.4600e+02 3.3064e-01
5.4700e+02 3.1440e-01
5.4800e+02 3.2832e-01
5.4900e+02 3.2943e-01
5.5000e+02 2.6341e-01
5.5100e+02 2.7172e-01
5.5200e+02 2.7656e-01
5.5300e+02 2.9453e-01
5.5400e+02 2.7355e-01
5.5500e+02 2.9745e-01
5.5600e+02 2.7336e-01
5.5700e+02 2.8846e-01
5.5800e+02 3.4596e-01
5.5900e+02 3.2075e-01
5.6000e+02 2.8167e-01
5.6100e+02 3.1246e-01
5.6200e+02 2.7441e-01
5.6300e+02 3.2108e-01
5.6400e+02 3.3868e-01
5.6500e+02 3.5835e-01
5.6600e+02 3.6536e-01
5.6700e+02 3.7249e-01
5.6800e+02 3.4378e-01
5.6900e+02 3.4044e-01
5.7000e+02 3.1999e-01
5.7100e+02 3.2698e-01
5.7200e+02 3.7447e-01
5.7300e+02 3.4347e-01
5.7400e+02 2.8067e-01
5.7500e+02 3.3290e-01
5.7600e+02 3.6805e-01
5.7700e+02 3.1924e-01
5.7800e+02 3.4746e-01
5.7900e+02 3.3070e-01
5.8000e+02 3.8517e-01
5.8100e+02 4.1042e-01
5.8200e+02 3.3812e-01
5.8300e+02 3.2513e-01
5.8400e+02 2.9504e-01
5.8500e+02 3.7987e-01
5.8600e+02 3.7769e-01
5.8700e+02 3.8182e-01
5.8800e+02 3.8563e-01
5.8900e+02 3.5801e-01
5.9000e+02 3.7797e-01
5.9100e+02 4.1613e-01
5.9200e+02 4.0069e-01
5.9300e+02 4.0514e-01
5.9400e+02 4.0655e-01
5.9500e+02 4.1478e-01
5.9600e+02 4.2016e-01
5.9700e+02 3.3800e-01
5.9800e+02 4.1875e-01
5.9900e+02 4.3445e-01
6.0000e+02 4.3586e-01
6.0100e+02 4.1705e-01
6.0200e+02 4.5240e-01
6.0300e+02 3.8436e-01
6.0400e+02 3.4637e-01
6.0500e+02 3.4736e-01
6.0600e+02 3.4295e-01
6.0700e+02 3.9348e-01
6.0800e+02 3.8000e-01
6.0900e+02 4.2582e-01
6.1000e+02 4.1653e-01
6.1100e+02 4.5167e-01
6.1200e+02 4.2018e-01
6.1300e+02 4.4971e-01
6.1400e+02 4.2295e-01
6.1500e+02 4.6392e-01
6.1600e+02 4.1526e-01
6.1700e+02 4.5455e-01
6.1800e+02 4.6077e-01
6.1900e+02 4.7773e-01
6.2000e+02 4.4858e-01
6.2100e+02 3.6218e-01
6.2200e+02 4.6001e-01
6.2300e+02 3.8238e-01
6.2400e+02 4.5135e-01
6.2500e+02 5.0782e-01
6.2600e+02 4.4351e-01
6.2700e+02 3.8813e-01
6.2800e+02 3.9062e-01
6.2900e+02 4.3917e-01
6.3000e+02 4.6194e-01
6.3100e+02 4.8474e-01
6.3200e+02 4.5744e-01
6.3300e+02 4.5902e-01
6.3400e+02 4.1620e-01
6.3500e+02 4.8910e-01
6.3600e+02 4.7583e-01
6.3700e+02 5.0579e-01
6.3800e+02 5.0014e-01
6.3900e+02 4.1785e-01
6.4000e+02 4.4113e-01
6.4100e+02 4.2423e-01
6.4200e+02 4.2773e-01
6.4300e+02 4.8110e-01
6.4400e+02 4.2082e-01
6.4500e+02 4.2818e-01
6.4600e+02 4.0736e-01
6.4700e+02 4.3104e-01
6.4800e+02 4.0910e-01
6.4900e+02 5.1991e-01
6.5000e+02 5.0707e-01
6.5100e+02 4.9091e-01
6.5200e+02 5.1099e-01
6.5300e+02 5.3299e-01
6.5400e+02 5.1675e-01
6.5500e+02 5.3293e-01
6.5600e+02 4.4491e-01
6.5700e+02 5.6364e-01
6.5800e+02 4.8144e-01
6.5900e+02 4.5739e-01
6.6000e+02 4.1830e-01
6.6100e+02 5.5507e-01
6.6200e+02 5.3805e-01
6.6300e+02 5.8874e-01
6.6400e+02 5.1435e-01
6.6500e+02 5.1821e-01
6.6600e+02 5.1947e-01
6.6700e+02 5.2812e-01
6.6800e+02 5.5021e-01
6.6900e+02 5.9876e-01
6.7000e+02 6.0282e-01
6.7100e+02 5.8951e-01
6.7200e+02 4.5403e-01
6.7300e+02 5.4726e-01
6.7400e+02 5.7876e-01
6.7500e+02 4.9597e-01
6.7600e+02 4.8221e-01
6.7700e+02 5.9261e-01
6.7800e+02 5.8451e-01
6.7900e+02 5.8913e-01
6.8000e+02 4.3702e-01
6.8100e+02 5.6453e-01
6.8200e+02 4.9519e-01
6.8300e+02 4.9852e-01
6.8400e+02 4.9432e-01
6.8500e+02 5.7952e-01
6.8600e+02 5.5349e-01
6.8700e+02 5.8262e-01
6.8800e+02 5.9065e-01
6.8900e+02 6.1181e-01
6.9000e+02 4.7804e-01
6.9100e+02 6.2455e-01
6.9200e+02 6.0299e-01
6.9300e+02 4.9241e-01
6.9400e+02 5.7712e-01
6.9500e+02 5.7321e-01
6.9600e+02 5.7177e-01
6.9700e+02 6.0289e-01
6.9800e+02 5.4325e-01
6.9900e+02 6.0860e-01
7.0000e+02 7.2777e-01
7.0100e+02 4.9146e-01
7.0200e+02 5.7751e-01
7.0300e+02 6.6248e-01
7.0400e+02 5.6373e-01
7.0500e+02 6.5662e-01
7.0600e+02 6.6099e-01
7.0700e+02 5.3731e-01
7.0800e+02 6.5336e-01
7.0900e+02 6.5851e-01
7.1000e+02 6.6604e-01
7.1100e+02 6.6885e-01
7.1200e+02 5.4528e-01
7.1300e+02 6.0003e-01
7.1400e+02 6.1279e-01
7.1500e+02 6.0015e-01
7.1600e+02 4.8960e-01
7.1700e+02 5.9377e-01
7.1800e+02 6.8483e-01
7.1900e+02 6.3454e-01
