2.0000e+00 1.3020e-03
2.0000e+00 1.3020e-03
3.0000e+00 1.1420e-03
4.0000e+00 9.3400e-04
5.0000e+00 1.0780e-03
6.0000e+00 9.8600e-04
7.0000e+00 1.0170e-03
8.0000e+00 1.1910e-03
9.0000e+00 1.0970e-03
1.0000e+01 1.0190e-03
1.1000e+01 1.2920e-03
1.2000e+01 1.0900e-03
1.3000e+01 1.0830e-03
1.4000e+01 1.0550e-03
1.5000e+01 1.2480e-03
1.6000e+01 1.1770e-03
1.7000e+01 1.1220e-03
1.8000e+01 1.1830e-03
1.9000e+01 1.5530e-03
2.0000e+01 1.1750e-03
2.1000e+01 1.3600e-03
2.2000e+01 1.1430e-03
2.3000e+01 1.2540e-03
2.4000e+01 1.2780e-03
2.5000e+01 2.1090e-03
2.6000e+01 1.7140e-03
2.7000e+01 1.3390e-03
2.8000e+01 1.2110e-03
2.9000e+01 1.3570e-03
3.0000e+01 1.4160e-03
3.1000e+01 1.7930e-03
3.2000e+01 2.2130e-03
3.3000e+01 1.7100e-03
3.4000e+01 1.6620e-03
3.5000e+01 1.7100e-03
3.6000e+01 1.6300e-03
3.7000e+01 2.4040e-03
3.8000e+01 1.9110e-03
3.9000e+01 1.9540e-03
4.0000e+01 1.6200e-03
4.1000e+01 1.5620e-03
4.2000e+01 1.6100e-03
4.3000e+01 1.8450e-03
4.4000e+01 1.8010e-03
4.5000e+01 1.8100e-03
4.6000e+01 1.7120e-03
4.7000e+01 1.7860e-03
4.8000e+01 1.7350e-03
4.9000e+01 2.1370e-03
5.0000e+01 1.7780e-03
5.1000e+01 1.7020e-03
5.2000e+01 1.7840e-03
5.3000e+01 2.0480e-03
5.4000e+01 2.0580e-03
5.5000e+01 1.8320e-03
5.6000e+01 1.8570e-03
5.7000e+01 2.0720e-03
5.8000e+01 2.2000e-03
5.9000e+01 2.2340e-03
6.0000e+01 2.1200e-03
6.1000e+01 2.1000e-03
6.2000e+01 2.0830e-03
6.3000e+01 2.4400e-03
6.4000e+01 2.0130e-03
6.5000e+01 2.4590e-03
6.6000e+01 2.5150e-03
6.7000e+01 2.5010e-03
6.8000e+01 2.5440e-03
6.9000e+01 2.5250e-03
7.0000e+01 2.3730e-03
7.1000e+01 2.8950e-03
7.2000e+01 2.6960e-03
7.3000e+01 2.6110e-03
7.4000e+01 2.8760e-03
7.5000e+01 2.8310e-03
7.6000e+01 2.7790e-03
7.7000e+01 2.7310e-03
7.8000e+01 2.5560e-03
7.9000e+01 3.1570e-03
8.0000e+01 2.6760e-03
8.1000e+01 3.0690e-03
8.2000e+01 3.0130e-03
8.3000e+01 3.1510e-03
8.4000e+01 3.0500e-03
8.5000e+01 2.9920e-03
8.6000e+01 3.2250e-03
8.7000e+01 3.2560e-03
8.8000e+01 3.1100e-03
8.9000e+01 3.1210e-03
9.0000e+01 3.0250e-03
9.1000e+01 3.3900e-03
9.2000e+01 3.1470e-03
9.3000e+01 3.2060e-03
9.4000e+01 3.3490e-03
9.5000e+01 3.6270e-03
9.6000e+01 3.5310e-03
9.7000e+01 3.9910e-03
9.8000e+01 3.5710e-03
9.9000e+01 3.6950e-03
1.0000e+02 4.1560e-03
1.0100e+02 3.7450e-03
