2.0000e+00 2.2160e-03
2.0000e+00 2.2160e-03
3.0000e+00 3.7720e-03
4.0000e+00 1.7530e-03
5.0000e+00 1.3020e-03
6.0000e+00 1.0300e-03
7.0000e+00 1.0530e-03
8.0000e+00 2.1240e-03
9.0000e+00 2.4690e-03
1.0000e+01 2.5300e-03
1.1000e+01 2.2430e-03
1.2000e+01 2.8600e-03
1.3000e+01 2.8880e-03
1.4000e+01 2.5450e-03
1.5000e+01 2.5850e-03
1.6000e+01 2.6350e-03
1.7000e+01 1.6740e-03
1.8000e+01 2.1610e-03
1.9000e+01 1.9010e-03
2.0000e+01 3.2110e-03
2.1000e+01 3.1300e-03
2.2000e+01 2.3990e-03
2.3000e+01 1.7790e-03
2.4000e+01 1.7920e-03
2.5000e+01 2.1930e-03
2.6000e+01 1.8610e-03
2.7000e+01 2.4130e-03
2.8000e+01 3.2360e-03
2.9000e+01 2.3640e-03
3.0000e+01 4.7640e-03
3.1000e+01 2.3330e-03
3.2000e+01 2.7450e-03
3.3000e+01 6.0080e-03
3.4000e+01 5.6980e-03
3.5000e+01 7.0780e-03
3.6000e+01 5.3390e-03
3.7000e+01 6.6350e-03
3.8000e+01 7.4330e-03
3.9000e+01 7.1450e-03
4.0000e+01 6.2820e-03
4.1000e+01 7.1150e-03
4.2000e+01 6.9880e-03
4.3000e+01 8.0650e-03
4.4000e+01 6.4960e-03
4.5000e+01 7.7510e-03
4.6000e+01 7.4170e-03
4.7000e+01 9.0060e-03
4.8000e+01 7.8450e-03
4.9000e+01 1.0047e-02
5.0000e+01 9.6890e-03
5.1000e+01 1.0632e-02
