2.0000e+00 4.0160e-03
2.0000e+00 4.0160e-03
3.0000e+00 5.1570e-03
4.0000e+00 5.4040e-03
5.0000e+00 5.2150e-03
6.0000e+00 5.4460e-03
7.0000e+00 7.0590e-03
8.0000e+00 5.4280e-03
9.0000e+00 5.0320e-03
1.0000e+01 5.0000e-03
1.1000e+01 5.8300e-03
1.2000e+01 5.1980e-03
1.3000e+01 5.6170e-03
1.4000e+01 5.3290e-03
1.5000e+01 5.1910e-03
1.6000e+01 6.7310e-03
1.7000e+01 5.2160e-03
1.8000e+01 4.9870e-03
1.9000e+01 5.1680e-03
2.0000e+01 5.6080e-03
2.1000e+01 5.0590e-03
2.2000e+01 5.0720e-03
2.3000e+01 7.8750e-03
2.4000e+01 5.2510e-03
2.5000e+01 5.2140e-03
2.6000e+01 5.8020e-03
2.7000e+01 5.8260e-03
2.8000e+01 5.4320e-03
2.9000e+01 6.0260e-03
3.0000e+01 6.8070e-03
3.1000e+01 7.3860e-03
3.2000e+01 5.6900e-03
3.3000e+01 8.2220e-03
3.4000e+01 5.9350e-03
3.5000e+01 6.0880e-03
3.6000e+01 7.9290e-03
3.7000e+01 5.9100e-03
3.8000e+01 5.7990e-03
3.9000e+01 7.4410e-03
4.0000e+01 6.4190e-03
4.1000e+01 7.8360e-03
4.2000e+01 6.1940e-03
4.3000e+01 6.2170e-03
4.4000e+01 5.8650e-03
4.5000e+01 6.3240e-03
4.6000e+01 8.5730e-03
4.7000e+01 6.5160e-03
4.8000e+01 6.3660e-03
4.9000e+01 6.8360e-03
5.0000e+01 6.0800e-03
5.1000e+01 8.5290e-03
5.2000e+01 9.5230e-03
5.3000e+01 6.7310e-03
5.4000e+01 6.4230e-03
5.5000e+01 6.4950e-03
5.6000e+01 6.8520e-03
5.7000e+01 7.0560e-03
5.8000e+01 6.5550e-03
5.9000e+01 8.6270e-03
6.0000e+01 6.8670e-03
6.1000e+01 6.8900e-03
6.2000e+01 6.3740e-03
6.3000e+01 7.2490e-03
6.4000e+01 6.9310e-03
6.5000e+01 7.9210e-03
6.6000e+01 1.2850e-02
6.7000e+01 1.0056e-02
6.8000e+01 7.7680e-03
6.9000e+01 7.8330e-03
7.0000e+01 7.5900e-03
7.1000e+01 8.0860e-03
7.2000e+01 7.7360e-03
7.3000e+01 1.1336e-02
7.4000e+01 8.2220e-03
7.5000e+01 8.6400e-03
7.6000e+01 1.0361e-02
7.7000e+01 8.0980e-03
7.8000e+01 8.2210e-03
7.9000e+01 8.3340e-03
8.0000e+01 9.5390e-03
8.1000e+01 8.0460e-03
8.2000e+01 8.5410e-03
8.3000e+01 8.7880e-03
8.4000e+01 9.0740e-03
8.5000e+01 1.1714e-02
8.6000e+01 8.5550e-03
8.7000e+01 9.0580e-03
8.8000e+01 8.9680e-03
8.9000e+01 9.3240e-03
9.0000e+01 1.2097e-02
9.1000e+01 9.9270e-03
9.2000e+01 9.9630e-03
9.3000e+01 9.9760e-03
9.4000e+01 1.1965e-02
9.5000e+01 9.7730e-03
9.6000e+01 9.3270e-03
9.7000e+01 9.7310e-03
9.8000e+01 9.9610e-03
9.9000e+01 9.7220e-03
1.0000e+02 9.8420e-03
1.0100e+02 1.0124e-02
1.0200e+02 1.0895e-02
1.0300e+02 1.0506e-02
1.0400e+02 1.0368e-02
1.0500e+02 1.4432e-02
1.0600e+02 1.1491e-02
1.0700e+02 1.0849e-02
1.0800e+02 1.1123e-02
1.0900e+02 1.2902e-02
1.1000e+02 1.0814e-02
1.1100e+02 1.1273e-02
1.1200e+02 1.0558e-02
1.1300e+02 1.1433e-02
1.1400e+02 1.1195e-02
1.1500e+02 2.1261e-02
1.1600e+02 1.4219e-02
1.1700e+02 1.2582e-02
1.1800e+02 1.2304e-02
1.1900e+02 1.2926e-02
1.2000e+02 1.2943e-02
1.2100e+02 1.3119e-02
1.2200e+02 1.3661e-02
1.2300e+02 1.3460e-02
1.2400e+02 1.3572e-02
1.2500e+02 1.4135e-02
1.2600e+02 1.3552e-02
1.2700e+02 1.4322e-02
1.2800e+02 1.7705e-02
1.2900e+02 1.5029e-02
1.3000e+02 1.5242e-02
1.3100e+02 1.5350e-02
1.3200e+02 1.7843e-02
1.3300e+02 1.4767e-02
1.3400e+02 1.5171e-02
1.3500e+02 1.5965e-02
1.3600e+02 1.5411e-02
1.3700e+02 1.6993e-02
1.3800e+02 1.8556e-02
1.3900e+02 1.6690e-02
1.4000e+02 1.6123e-02
1.4100e+02 1.7243e-02
1.4200e+02 1.9624e-02
1.4300e+02 1.6839e-02
1.4400e+02 1.6038e-02
1.4500e+02 1.7252e-02
1.4600e+02 1.7101e-02
1.4700e+02 2.0869e-02
1.4800e+02 1.8872e-02
1.4900e+02 1.7131e-02
1.5000e+02 1.7799e-02
1.5100e+02 1.7633e-02
1.5200e+02 1.8178e-02
1.5300e+02 1.7295e-02
1.5400e+02 1.7555e-02
1.5500e+02 1.8525e-02
1.5600e+02 1.8230e-02
1.5700e+02 1.7593e-02
1.5800e+02 1.8089e-02
1.5900e+02 1.8801e-02
1.6000e+02 1.8747e-02
1.6100e+02 1.8919e-02
1.6200e+02 1.9664e-02
1.6300e+02 2.2002e-02
1.6400e+02 1.8334e-02
1.6500e+02 2.1612e-02
1.6600e+02 1.9481e-02
1.6700e+02 1.9891e-02
1.6800e+02 1.9503e-02
1.6900e+02 2.3170e-02
1.7000e+02 2.0132e-02
1.7100e+02 2.1205e-02
1.7200e+02 2.3225e-02
1.7300e+02 2.0873e-02
1.7400e+02 2.4277e-02
1.7500e+02 2.2162e-02
1.7600e+02 2.0313e-02
1.7700e+02 2.2153e-02
1.7800e+02 2.1952e-02
1.7900e+02 2.0300e-02
1.8000e+02 2.1389e-02
1.8100e+02 2.2438e-02
1.8200e+02 2.1307e-02
1.8300e+02 2.3245e-02
1.8400e+02 2.2219e-02
1.8500e+02 2.2522e-02
1.8600e+02 2.6396e-02
1.8700e+02 2.2649e-02
1.8800e+02 2.2400e-02
1.8900e+02 2.3082e-02
1.9000e+02 2.5341e-02
1.9100e+02 2.4211e-02
1.9200e+02 2.4293e-02
1.9300e+02 2.6330e-02
1.9400e+02 2.4487e-02
1.9500e+02 2.6609e-02
1.9600e+02 2.5852e-02
1.9700e+02 3.2640e-02
1.9800e+02 2.6652e-02
1.9900e+02 3.0381e-02
2.0000e+02 2.9334e-02
2.0100e+02 2.8990e-02
2.0200e+02 2.9620e-02
2.0300e+02 2.9460e-02
2.0400e+02 2.6825e-02
2.0500e+02 2.6900e-02
2.0600e+02 2.8449e-02
2.0700e+02 2.6996e-02
2.0800e+02 2.6784e-02
2.0900e+02 3.2581e-02
2.1000e+02 2.7272e-02
2.1100e+02 2.8514e-02
2.1200e+02 2.6673e-02
2.1300e+02 2.8337e-02
2.1400e+02 2.8123e-02
2.1500e+02 2.8366e-02
2.1600e+02 3.9928e-02
2.1700e+02 3.0189e-02
2.1800e+02 2.9095e-02
2.1900e+02 3.3644e-02
2.2000e+02 3.0957e-02
2.2100e+02 3.1488e-02
2.2200e+02 2.8998e-02
2.2300e+02 3.2262e-02
2.2400e+02 3.2580e-02
2.2500e+02 3.0445e-02
2.2600e+02 3.0067e-02
2.2700e+02 3.1674e-02
2.2800e+02 2.9967e-02
2.2900e+02 3.2446e-02
2.3000e+02 3.5726e-02
2.3100e+02 3.1571e-02
2.3200e+02 3.7113e-02
2.3300e+02 3.7319e-02
2.3400e+02 3.5338e-02
2.3500e+02 3.5187e-02
2.3600e+02 3.3176e-02
2.3700e+02 3.2572e-02
2.3800e+02 3.1670e-02
2.3900e+02 3.4061e-02
2.4000e+02 3.3751e-02
2.4100e+02 3.5343e-02
2.4200e+02 3.7617e-02
2.4300e+02 3.4935e-02
2.4400e+02 3.3967e-02
2.4500e+02 3.7305e-02
2.4600e+02 3.4190e-02
2.4700e+02 3.6647e-02
2.4800e+02 3.7825e-02
2.4900e+02 4.2143e-02
2.5000e+02 3.9171e-02
2.5100e+02 3.7738e-02
2.5200e+02 3.8723e-02
2.5300e+02 3.6026e-02
2.5400e+02 3.6556e-02
2.5500e+02 4.2426e-02
2.5600e+02 3.7757e-02
2.5700e+02 6.3200e-02
2.5800e+02 6.1756e-02
2.5900e+02 6.3120e-02
2.6000e+02 6.2692e-02
2.6100e+02 7.7280e-02
2.6200e+02 6.2937e-02
2.6300e+02 6.4706e-02
2.6400e+02 6.3754e-02
2.6500e+02 6.6016e-02
2.6600e+02 6.2389e-02
2.6700e+02 6.6109e-02
2.6800e+02 6.6334e-02
2.6900e+02 8.3111e-02
2.7000e+02 7.3766e-02
2.7100e+02 7.6590e-02
2.7200e+02 7.3024e-02
2.7300e+02 8.0673e-02
2.7400e+02 6.7616e-02
2.7500e+02 6.8814e-02
2.7600e+02 7.0089e-02
2.7700e+02 7.8642e-02
2.7800e+02 6.9353e-02
2.7900e+02 7.1066e-02
2.8000e+02 7.0716e-02
2.8100e+02 7.4761e-02
2.8200e+02 6.8604e-02
2.8300e+02 7.1661e-02
2.8400e+02 7.3358e-02
2.8500e+02 8.1236e-02
2.8600e+02 7.6999e-02
2.8700e+02 7.4037e-02
2.8800e+02 7.2948e-02
2.8900e+02 7.3954e-02
2.9000e+02 7.2087e-02
2.9100e+02 7.4810e-02
2.9200e+02 7.2905e-02
2.9300e+02 7.9612e-02
2.9400e+02 8.5561e-02
2.9500e+02 7.4960e-02
2.9600e+02 7.5935e-02
2.9700e+02 7.5400e-02
2.9800e+02 7.4704e-02
2.9900e+02 7.8508e-02
3.0000e+02 8.5518e-02
3.0100e+02 8.9423e-02
3.0200e+02 1.0360e-01
3.0300e+02 8.6164e-02
3.0400e+02 8.6738e-02
3.0500e+02 7.8358e-02
3.0600e+02 7.9149e-02
3.0700e+02 8.4389e-02
3.0800e+02 7.8902e-02
3.0900e+02 8.9458e-02
3.1000e+02 8.2368e-02
3.1100e+02 8.3031e-02
3.1200e+02 8.2559e-02
3.1300e+02 8.4746e-02
3.1400e+02 8.1895e-02
3.1500e+02 8.5846e-02
3.1600e+02 8.5944e-02
3.1700e+02 9.7409e-02
3.1800e+02 8.3750e-02
3.1900e+02 8.5273e-02
3.2000e+02 8.4806e-02
3.2100e+02 8.4690e-02
3.2200e+02 9.3345e-02
3.2300e+02 8.9623e-02
3.2400e+02 9.8013e-02
3.2500e+02 8.8431e-02
3.2600e+02 8.8418e-02
3.2700e+02 9.1230e-02
3.2800e+02 9.4758e-02
3.2900e+02 1.0475e-01
3.3000e+02 1.0310e-01
3.3100e+02 1.1726e-01
3.3200e+02 1.0543e-01
3.3300e+02 9.2246e-02
3.3400e+02 9.5936e-02
3.3500e+02 9.6475e-02
3.3600e+02 9.6093e-02
3.3700e+02 9.4247e-02
3.3800e+02 1.0758e-01
3.3900e+02 9.6569e-02
3.4000e+02 9.4821e-02
3.4100e+02 9.7169e-02
3.4200e+02 9.9695e-02
3.4300e+02 9.7953e-02
3.4400e+02 9.5527e-02
3.4500e+02 1.0806e-01
3.4600e+02 9.7224e-02
3.4700e+02 9.7674e-02
3.4800e+02 1.0815e-01
3.4900e+02 1.0213e-01
3.5000e+02 1.0050e-01
3.5100e+02 1.0298e-01
3.5200e+02 1.1850e-01
3.5300e+02 1.0222e-01
3.5400e+02 1.0635e-01
3.5500e+02 1.1947e-01
3.5600e+02 1.1613e-01
3.5700e+02 1.1839e-01
3.5800e+02 1.3374e-01
3.5900e+02 1.0835e-01
3.6000e+02 1.0575e-01
3.6100e+02 1.1185e-01
3.6200e+02 1.1066e-01
3.6300e+02 1.1485e-01
3.6400e+02 1.2255e-01
3.6500e+02 1.1230e-01
3.6600e+02 1.1172e-01
3.6700e+02 1.1275e-01
3.6800e+02 1.1400e-01
3.6900e+02 1.1804e-01
3.7000e+02 1.2951e-01
3.7100e+02 1.1778e-01
3.7200e+02 1.2737e-01
3.7300e+02 1.2110e-01
3.7400e+02 1.2212e-01
3.7500e+02 1.2001e-01
3.7600e+02 1.4092e-01
3.7700e+02 1.3165e-01
3.7800e+02 1.3445e-01
3.7900e+02 1.4020e-01
3.8000e+02 1.4005e-01
3.8100e+02 1.3682e-01
3.8200e+02 1.3004e-01
3.8300e+02 1.2619e-01
3.8400e+02 1.2565e-01
3.8500e+02 1.2709e-01
3.8600e+02 1.2081e-01
3.8700e+02 1.4173e-01
3.8800e+02 1.2625e-01
3.8900e+02 1.3440e-01
3.9000e+02 1.3330e-01
3.9100e+02 1.2769e-01
3.9200e+02 1.7855e-01
3.9300e+02 1.4381e-01
3.9400e+02 1.3163e-01
3.9500e+02 1.4204e-01
3.9600e+02 1.3274e-01
3.9700e+02 1.4184e-01
3.9800e+02 1.5913e-01
3.9900e+02 1.6418e-01
4.0000e+02 1.5245e-01
4.0100e+02 1.4552e-01
4.0200e+02 1.3357e-01
4.0300e+02 1.6328e-01
4.0400e+02 1.3772e-01
4.0500e+02 1.4972e-01
4.0600e+02 1.5979e-01
4.0700e+02 1.4973e-01
4.0800e+02 1.4678e-01
4.0900e+02 1.5276e-01
4.1000e+02 1.4202e-01
4.1100e+02 1.5382e-01
4.1200e+02 1.5723e-01
4.1300e+02 1.6058e-01
4.1400e+02 1.5069e-01
4.1500e+02 1.5862e-01
4.1600e+02 1.4908e-01
4.1700e+02 1.7876e-01
4.1800e+02 1.8132e-01
4.1900e+02 1.8129e-01
4.2000e+02 1.5525e-01
4.2100e+02 1.6005e-01
4.2200e+02 1.6806e-01
4.2300e+02 1.5753e-01
4.2400e+02 1.5476e-01
4.2500e+02 1.6524e-01
4.2600e+02 1.5697e-01
4.2700e+02 1.6307e-01
4.2800e+02 1.6258e-01
4.2900e+02 1.5953e-01
4.3000e+02 1.6747e-01
4.3100e+02 1.8132e-01
4.3200e+02 1.5332e-01
4.3300e+02 1.7528e-01
4.3400e+02 1.5714e-01
4.3500e+02 1.7529e-01
4.3600e+02 1.8307e-01
4.3700e+02 2.0869e-01
4.3800e+02 1.7466e-01
4.3900e+02 1.6824e-01
4.4000e+02 1.6787e-01
4.4100e+02 1.6799e-01
4.4200e+02 1.7134e-01
4.4300e+02 1.7790e-01
4.4400e+02 1.6934e-01
4.4500e+02 1.8268e-01
4.4600e+02 1.7688e-01
4.4700e+02 1.7507e-01
4.4800e+02 1.8454e-01
4.4900e+02 1.8530e-01
4.5000e+02 1.7371e-01
4.5100e+02 1.8025e-01
4.5200e+02 1.7874e-01
4.5300e+02 2.0166e-01
4.5400e+02 1.7850e-01
4.5500e+02 1.9489e-01
4.5600e+02 1.7915e-01
4.5700e+02 2.0501e-01
4.5800e+02 1.7801e-01
4.5900e+02 1.8647e-01
4.6000e+02 1.8531e-01
4.6100e+02 1.8900e-01
4.6200e+02 2.0351e-01
4.6300e+02 1.9590e-01
4.6400e+02 1.8236e-01
4.6500e+02 1.9882e-01
4.6600e+02 2.0917e-01
4.6700e+02 2.0140e-01
4.6800e+02 1.9443e-01
4.6900e+02 2.0006e-01
4.7000e+02 2.1058e-01
4.7100e+02 2.3451e-01
4.7200e+02 2.1784e-01
4.7300e+02 2.0838e-01
4.7400e+02 1.9300e-01
4.7500e+02 2.0805e-01
4.7600e+02 1.9983e-01
4.7700e+02 2.0895e-01
4.7800e+02 2.1032e-01
4.7900e+02 2.1728e-01
4.8000e+02 2.0867e-01
4.8100e+02 2.1908e-01
4.8200e+02 2.1539e-01
4.8300e+02 2.1547e-01
4.8400e+02 2.1752e-01
4.8500e+02 2.1735e-01
4.8600e+02 2.4804e-01
4.8700e+02 2.5724e-01
4.8800e+02 2.1907e-01
4.8900e+02 2.2757e-01
4.9000e+02 2.2802e-01
4.9100e+02 2.2777e-01
4.9200e+02 2.2492e-01
4.9300e+02 2.3305e-01
4.9400e+02 2.2415e-01
4.9500e+02 2.3892e-01
4.9600e+02 2.4798e-01
4.9700e+02 2.3132e-01
4.9800e+02 2.3283e-01
4.9900e+02 2.4697e-01
5.0000e+02 2.5570e-01
5.0100e+02 2.6869e-01
5.0200e+02 2.8389e-01
5.0300e+02 2.5085e-01
5.0400e+02 2.4781e-01
5.0500e+02 2.5319e-01
5.0600e+02 2.5869e-01
5.0700e+02 2.5442e-01
5.0800e+02 2.5787e-01
5.0900e+02 2.7995e-01
5.1000e+02 2.7444e-01
5.1100e+02 2.6880e-01
5.1200e+02 2.7248e-01
5.1300e+02 2.8151e-01
5.1400e+02 2.6729e-01
5.1500e+02 2.7595e-01
5.1600e+02 2.9295e-01
5.1700e+02 2.5761e-01
5.1800e+02 2.7671e-01
5.1900e+02 2.8797e-01
5.2000e+02 2.8789e-01
5.2100e+02 2.9066e-01
5.2200e+02 2.9119e-01
5.2300e+02 2.9089e-01
5.2400e+02 2.8047e-01
5.2500e+02 3.0322e-01
5.2600e+02 3.1561e-01
5.2700e+02 3.0537e-01
5.2800e+02 2.8787e-01
5.2900e+02 3.1035e-01
5.3000e+02 2.9814e-01
5.3100e+02 3.3829e-01
5.3200e+02 3.0852e-01
5.3300e+02 3.1493e-01
5.3400e+02 3.0140e-01
5.3500e+02 3.0650e-01
5.3600e+02 3.0265e-01
5.3700e+02 3.3389e-01
5.3800e+02 3.3716e-01
5.3900e+02 3.1701e-01
5.4000e+02 3.0291e-01
5.4100e+02 3.2569e-01
5.4200e+02 3.1623e-01
5.4300e+02 3.1913e-01
5.4400e+02 3.2441e-01
5.4500e+02 3.3560e-01
5.4600e+02 3.2081e-01
5.4700e+02 3.4344e-01
5.4800e+02 3.4202e-01
5.4900e+02 3.5943e-01
5.5000e+02 3.3962e-01
5.5100e+02 3.3086e-01
5.5200e+02 3.4114e-01
5.5300e+02 3.5002e-01
5.5400e+02 3.3099e-01
5.5500e+02 3.6614e-01
5.5600e+02 3.2708e-01
5.5700e+02 3.5959e-01
5.5800e+02 3.6127e-01
5.5900e+02 3.2611e-01
5.6000e+02 3.5939e-01
5.6100e+02 3.4617e-01
5.6200e+02 3.5243e-01
5.6300e+02 3.7202e-01
5.6400e+02 3.4489e-01
5.6500e+02 3.8639e-01
5.6600e+02 3.6533e-01
5.6700e+02 3.6474e-01
5.6800e+02 3.8627e-01
5.6900e+02 3.8483e-01
5.7000e+02 3.5494e-01
5.7100e+02 3.8101e-01
5.7200e+02 3.6029e-01
5.7300e+02 3.8658e-01
5.7400e+02 3.8854e-01
5.7500e+02 3.7360e-01
5.7600e+02 3.8456e-01
5.7700e+02 3.8945e-01
5.7800e+02 4.2000e-01
5.7900e+02 3.7382e-01
5.8000e+02 3.8650e-01
5.8100e+02 4.0227e-01
5.8200e+02 3.9096e-01
5.8300e+02 4.1344e-01
5.8400e+02 3.9469e-01
5.8500e+02 4.1899e-01
5.8600e+02 4.1734e-01
5.8700e+02 4.1407e-01
5.8800e+02 4.2879e-01
5.8900e+02 4.0725e-01
5.9000e+02 4.1487e-01
5.9100e+02 4.0088e-01
5.9200e+02 4.1378e-01
5.9300e+02 4.1336e-01
5.9400e+02 4.0989e-01
5.9500e+02 4.5170e-01
5.9600e+02 4.1851e-01
5.9700e+02 4.3800e-01
5.9800e+02 4.2260e-01
5.9900e+02 4.2039e-01
6.0000e+02 4.2464e-01
6.0100e+02 4.3538e-01
6.0200e+02 4.3631e-01
6.0300e+02 4.5059e-01
6.0400e+02 4.6744e-01
6.0500e+02 4.3212e-01
6.0600e+02 4.4457e-01
6.0700e+02 4.7125e-01
6.0800e+02 4.3760e-01
6.0900e+02 4.7090e-01
6.1000e+02 4.4188e-01
6.1100e+02 4.8173e-01
6.1200e+02 4.5661e-01
6.1300e+02 4.7338e-01
6.1400e+02 4.6241e-01
6.1500e+02 4.8511e-01
6.1600e+02 4.3903e-01
6.1700e+02 4.7357e-01
6.1800e+02 4.6618e-01
6.1900e+02 4.5985e-01
6.2000e+02 4.8748e-01
6.2100e+02 4.7044e-01
6.2200e+02 4.6451e-01
6.2300e+02 4.5950e-01
6.2400e+02 4.6697e-01
6.2500e+02 4.8092e-01
6.2600e+02 4.8424e-01
6.2700e+02 4.9036e-01
6.2800e+02 5.1044e-01
6.2900e+02 4.8180e-01
6.3000e+02 4.9414e-01
6.3100e+02 4.8859e-01
6.3200e+02 4.9267e-01
6.3300e+02 4.8173e-01
6.3400e+02 5.0284e-01
6.3500e+02 5.2497e-01
6.3600e+02 5.0509e-01
6.3700e+02 5.2244e-01
6.3800e+02 5.1321e-01
6.3900e+02 5.4318e-01
6.4000e+02 4.8782e-01
6.4100e+02 5.0301e-01
6.4200e+02 5.4541e-01
6.4300e+02 4.9014e-01
6.4400e+02 4.8716e-01
6.4500e+02 5.3430e-01
6.4600e+02 5.1915e-01
6.4700e+02 5.4126e-01
6.4800e+02 5.3296e-01
6.4900e+02 5.5182e-01
6.5000e+02 5.0608e-01
6.5100e+02 5.4637e-01
6.5200e+02 5.3363e-01
6.5300e+02 5.5066e-01
6.5400e+02 5.3583e-01
6.5500e+02 5.5144e-01
6.5600e+02 5.3420e-01
6.5700e+02 5.5923e-01
6.5800e+02 5.5419e-01
6.5900e+02 5.6904e-01
6.6000e+02 5.5869e-01
6.6100e+02 5.6149e-01
6.6200e+02 5.6375e-01
6.6300e+02 5.9332e-01
6.6400e+02 5.6419e-01
6.6500e+02 5.5451e-01
6.6600e+02 5.7547e-01
6.6700e+02 5.6369e-01
6.6800e+02 5.6294e-01
6.6900e+02 5.5121e-01
6.7000e+02 5.6378e-01
6.7100e+02 5.7838e-01
6.7200e+02 5.8337e-01
6.7300e+02 5.8028e-01
6.7400e+02 5.4741e-01
6.7500e+02 6.1320e-01
6.7600e+02 5.7998e-01
6.7700e+02 5.7808e-01
6.7800e+02 5.7545e-01
6.7900e+02 6.1505e-01
6.8000e+02 5.8013e-01
6.8100e+02 5.8221e-01
6.8200e+02 6.0884e-01
6.8300e+02 5.9975e-01
6.8400e+02 6.1480e-01
6.8500e+02 6.0540e-01
6.8600e+02 5.8593e-01
6.8700e+02 6.0331e-01
6.8800e+02 6.2248e-01
6.8900e+02 6.1386e-01
6.9000e+02 6.0137e-01
6.9100e+02 6.6783e-01
6.9200e+02 6.1332e-01
6.9300e+02 6.1144e-01
6.9400e+02 6.6706e-01
6.9500e+02 6.2356e-01
6.9600e+02 6.1525e-01
6.9700e+02 6.2196e-01
6.9800e+02 6.2012e-01
6.9900e+02 6.3241e-01
7.0000e+02 6.5641e-01
7.0100e+02 6.5923e-01
7.0200e+02 6.5686e-01
7.0300e+02 6.9173e-01
7.0400e+02 6.5095e-01
7.0500e+02 6.8615e-01
7.0600e+02 6.8253e-01
7.0700e+02 6.6252e-01
7.0800e+02 6.8916e-01
7.0900e+02 6.8090e-01
7.1000e+02 6.9447e-01
7.1100e+02 7.1358e-01
7.1200e+02 6.4853e-01
7.1300e+02 6.4546e-01
7.1400e+02 6.8922e-01
7.1500e+02 6.5988e-01
7.1600e+02 6.9842e-01
7.1700e+02 7.2654e-01
7.1800e+02 6.7843e-01
7.1900e+02 6.6997e-01
7.2000e+02 6.9220e-01
7.2100e+02 6.5878e-01
7.2200e+02 7.0292e-01
7.2300e+02 6.9402e-01
7.2400e+02 6.9819e-01
7.2500e+02 7.3278e-01
7.2600e+02 7.4949e-01
7.2700e+02 7.7563e-01
7.2800e+02 7.3409e-01
7.2900e+02 7.4860e-01
7.3000e+02 7.2352e-01
7.3100e+02 7.1767e-01
7.3200e+02 7.2728e-01
7.3300e+02 7.3101e-01
7.3400e+02 7.0118e-01
7.3500e+02 7.1453e-01
7.3600e+02 7.1997e-01
7.3700e+02 7.2419e-01
7.3800e+02 7.0709e-01
7.3900e+02 7.2082e-01
7.4000e+02 7.1232e-01
7.4100e+02 7.7907e-01
7.4200e+02 7.3526e-01
7.4300e+02 7.6736e-01
7.4400e+02 7.3036e-01
7.4500e+02 8.1099e-01
7.4600e+02 7.6066e-01
7.4700e+02 8.2384e-01
7.4800e+02 7.6787e-01
7.4900e+02 7.9599e-01
7.5000e+02 8.0648e-01
7.5100e+02 7.7953e-01
7.5200e+02 7.9626e-01
7.5300e+02 7.7998e-01
7.5400e+02 7.8963e-01
7.5500e+02 8.3316e-01
7.5600e+02 7.5984e-01
7.5700e+02 8.1707e-01
7.5800e+02 8.0114e-01
7.5900e+02 8.2440e-01
7.6000e+02 8.0613e-01
7.6100e+02 8.1552e-01
7.6200e+02 7.8844e-01
7.6300e+02 8.5228e-01
7.6400e+02 7.8446e-01
7.6500e+02 8.0955e-01
7.6600e+02 8.0536e-01
7.6700e+02 8.6995e-01
7.6800e+02 8.3452e-01
7.6900e+02 8.3497e-01
7.7000e+02 8.6861e-01
7.7100e+02 8.3794e-01
7.7200e+02 8.2439e-01
7.7300e+02 8.6342e-01
7.7400e+02 8.5397e-01
7.7500e+02 8.8731e-01
7.7600e+02 8.2918e-01
7.7700e+02 8.8023e-01
7.7800e+02 9.0901e-01
7.7900e+02 7.9191e-01
7.8000e+02 9.1972e-01
7.8100e+02 9.4277e-01
7.8200e+02 9.3674e-01
7.8300e+02 9.1879e-01
7.8400e+02 8.9148e-01
7.8500e+02 9.0826e-01
7.8600e+02 9.5766e-01
7.8700e+02 8.4098e-01
7.8800e+02 8.9048e-01
7.8900e+02 9.1458e-01
7.9000e+02 8.8191e-01
7.9100e+02 9.5249e-01
7.9200e+02 8.8672e-01
7.9300e+02 9.2226e-01
7.9400e+02 9.3217e-01
7.9500e+02 9.2031e-01
7.9600e+02 8.4821e-01
7.9700e+02 9.2822e-01
7.9800e+02 8.8720e-01
7.9900e+02 9.2611e-01
8.0000e+02 8.6118e-01
8.0100e+02 9.1128e-01
8.0200e+02 8.8878e-01
8.0300e+02 9.2688e-01
8.0400e+02 8.5150e-01
8.0500e+02 9.3507e-01
8.0600e+02 8.8449e-01
8.0700e+02 9.4415e-01
8.0800e+02 9.3134e-01
8.0900e+02 9.3315e-01
8.1000e+02 9.3391e-01
8.1100e+02 9.3921e-01
8.1200e+02 9.4105e-01
8.1300e+02 9.9190e-01
8.1400e+02 9.6597e-01
8.1500e+02 9.8500e-01
8.1600e+02 9.2688e-01
8.1700e+02 9.3734e-01
8.1800e+02 9.4943e-01
8.1900e+02 9.8676e-01
8.2000e+02 9.2096e-01
8.2100e+02 9.8438e-01
8.2200e+02 9.5630e-01
8.2300e+02 9.7908e-01
8.2400e+02 9.5582e-01
8.2500e+02 1.0295e+00
8.2600e+02 9.7861e-01
8.2700e+02 1.0104e+00
8.2800e+02 9.9096e-01
8.2900e+02 1.0255e+00
8.3000e+02 1.0144e+00
8.3100e+02 9.8772e-01
8.3200e+02 1.0187e+00
8.3300e+02 1.0000e+00
8.3400e+02 1.0036e+00
8.3500e+02 1.0035e+00
8.3600e+02 9.8970e-01
8.3700e+02 1.0518e+00
8.3800e+02 1.0675e+00
8.3900e+02 1.0121e+00
8.4000e+02 9.7282e-01
8.4100e+02 1.0319e+00
8.4200e+02 1.0009e+00
8.4300e+02 1.0780e+00
8.4400e+02 1.0235e+00
