2.0000e+00 1.0600e-03
2.0000e+00 1.0600e-03
3.0000e+00 2.1190e-03
4.0000e+00 1.7300e-03
5.0000e+00 1.1750e-03
6.0000e+00 1.0600e-03
7.0000e+00 1.0940e-03
8.0000e+00 1.1150e-03
9.0000e+00 1.0830e-03
1.0000e+01 1.3640e-03
1.1000e+01 1.0580e-03
1.2000e+01 1.0370e-03
1.3000e+01 1.1940e-03
1.4000e+01 1.1630e-03
1.5000e+01 1.1410e-03
1.6000e+01 1.2280e-03
1.7000e+01 1.1170e-03
1.8000e+01 1.1920e-03
1.9000e+01 2.5320e-03
2.0000e+01 1.7740e-03
2.1000e+01 1.2570e-03
2.2000e+01 1.1860e-03
2.3000e+01 1.2030e-03
2.4000e+01 1.2770e-03
2.5000e+01 1.6280e-03
2.6000e+01 1.3500e-03
2.7000e+01 1.2330e-03
2.8000e+01 1.3150e-03
2.9000e+01 1.3120e-03
3.0000e+01 1.3780e-03
3.1000e+01 1.3640e-03
3.2000e+01 1.7760e-03
3.3000e+01 1.6360e-03
3.4000e+01 1.5740e-03
3.5000e+01 1.5750e-03
3.6000e+01 1.5750e-03
3.7000e+01 1.5410e-03
3.8000e+01 1.6170e-03
3.9000e+01 1.5910e-03
4.0000e+01 1.6200e-03
4.1000e+01 1.5520e-03
4.2000e+01 1.6590e-03
4.3000e+01 1.7210e-03
4.4000e+01 1.9470e-03
4.5000e+01 1.6960e-03
4.6000e+01 1.6860e-03
4.7000e+01 1.7060e-03
4.8000e+01 1.7970e-03
4.9000e+01 1.6990e-03
5.0000e+01 2.2700e-03
5.1000e+01 1.8990e-03
5.2000e+01 1.9250e-03
5.3000e+01 1.9440e-03
5.4000e+01 1.8920e-03
5.5000e+01 2.2160e-03
5.6000e+01 2.0000e-03
5.7000e+01 2.0790e-03
5.8000e+01 1.9550e-03
5.9000e+01 2.0440e-03
6.0000e+01 3.5230e-03
6.1000e+01 2.0210e-03
6.2000e+01 1.9150e-03
6.3000e+01 2.1880e-03
6.4000e+01 2.2690e-03
6.5000e+01 2.5380e-03
6.6000e+01 2.4250e-03
6.7000e+01 2.5010e-03
6.8000e+01 2.4610e-03
6.9000e+01 2.8340e-03
7.0000e+01 2.5370e-03
7.1000e+01 2.7490e-03
7.2000e+01 2.4370e-03
7.3000e+01 3.0590e-03
7.4000e+01 2.7410e-03
7.5000e+01 2.6260e-03
7.6000e+01 2.7290e-03
7.7000e+01 3.1810e-03
7.8000e+01 2.9290e-03
7.9000e+01 2.6520e-03
8.0000e+01 2.7290e-03
8.1000e+01 3.0520e-03
8.2000e+01 3.1600e-03
8.3000e+01 3.0030e-03
8.4000e+01 2.8550e-03
8.5000e+01 3.4070e-03
8.6000e+01 3.0600e-03
8.7000e+01 3.1590e-03
8.8000e+01 2.9360e-03
8.9000e+01 3.2490e-03
9.0000e+01 3.1830e-03
9.1000e+01 3.6020e-03
9.2000e+01 3.2400e-03
9.3000e+01 3.4500e-03
9.4000e+01 3.2420e-03
9.5000e+01 3.2560e-03
9.6000e+01 6.0840e-03
9.7000e+01 6.2810e-03
9.8000e+01 6.1000e-03
9.9000e+01 4.3700e-03
1.0000e+02 3.7740e-03
1.0100e+02 3.9940e-03
