2.0000e+00 3.4850e-03
2.0000e+00 3.4850e-03
3.0000e+00 3.4200e-03
4.0000e+00 2.9910e-03
5.0000e+00 4.5590e-03
6.0000e+00 4.1910e-03
7.0000e+00 3.2710e-03
8.0000e+00 3.7590e-03
9.0000e+00 3.1260e-03
1.0000e+01 3.3190e-03
1.1000e+01 3.4020e-03
1.2000e+01 3.6930e-03
1.3000e+01 3.6520e-03
1.4000e+01 3.9980e-03
1.5000e+01 3.4930e-03
1.6000e+01 3.3880e-03
1.7000e+01 3.3820e-03
1.8000e+01 3.3980e-03
1.9000e+01 3.5230e-03
2.0000e+01 8.3150e-03
2.1000e+01 7.2190e-03
2.2000e+01 7.8460e-03
2.3000e+01 5.1740e-03
2.4000e+01 6.9420e-03
2.5000e+01 4.6360e-03
2.6000e+01 3.7100e-03
2.7000e+01 4.0590e-03
2.8000e+01 3.9880e-03
2.9000e+01 3.9100e-03
3.0000e+01 4.3570e-03
3.1000e+01 3.6610e-03
3.2000e+01 6.0170e-03
3.3000e+01 3.8930e-03
3.4000e+01 3.8850e-03
3.5000e+01 8.3950e-03
3.6000e+01 4.0380e-03
3.7000e+01 4.0880e-03
3.8000e+01 4.3370e-03
3.9000e+01 4.2270e-03
4.0000e+01 4.1240e-03
4.1000e+01 4.4860e-03
4.2000e+01 4.1830e-03
4.3000e+01 4.1230e-03
4.4000e+01 4.6200e-03
4.5000e+01 4.3000e-03
4.6000e+01 4.3210e-03
4.7000e+01 4.5680e-03
4.8000e+01 4.3310e-03
4.9000e+01 4.5410e-03
5.0000e+01 6.7440e-03
5.1000e+01 4.4660e-03
5.2000e+01 4.3670e-03
5.3000e+01 4.6440e-03
5.4000e+01 4.6310e-03
5.5000e+01 5.0860e-03
5.6000e+01 4.8650e-03
5.7000e+01 4.5580e-03
5.8000e+01 5.1630e-03
5.9000e+01 4.8430e-03
6.0000e+01 4.4500e-03
6.1000e+01 7.1200e-03
6.2000e+01 6.3180e-03
6.3000e+01 8.0650e-03
6.4000e+01 5.5750e-03
6.5000e+01 5.7590e-03
6.6000e+01 5.4590e-03
6.7000e+01 8.1410e-03
6.8000e+01 5.5100e-03
6.9000e+01 6.1570e-03
7.0000e+01 5.6930e-03
7.1000e+01 6.0180e-03
7.2000e+01 5.4120e-03
7.3000e+01 6.1280e-03
7.4000e+01 5.7260e-03
7.5000e+01 6.4970e-03
7.6000e+01 5.8110e-03
7.7000e+01 6.5780e-03
7.8000e+01 6.2220e-03
7.9000e+01 6.4810e-03
8.0000e+01 6.0400e-03
8.1000e+01 6.5660e-03
8.2000e+01 6.0190e-03
8.3000e+01 6.9690e-03
8.4000e+01 9.1550e-03
8.5000e+01 8.6720e-03
8.6000e+01 8.0240e-03
8.7000e+01 6.8310e-03
8.8000e+01 6.6630e-03
8.9000e+01 7.3050e-03
9.0000e+01 6.0540e-03
9.1000e+01 6.8200e-03
9.2000e+01 6.6800e-03
9.3000e+01 7.6140e-03
9.4000e+01 7.2090e-03
9.5000e+01 7.5900e-03
9.6000e+01 6.8230e-03
9.7000e+01 7.9540e-03
9.8000e+01 7.4800e-03
9.9000e+01 8.1640e-03
1.0000e+02 9.6630e-03
1.0100e+02 1.3646e-02
1.0200e+02 8.9770e-03
1.0300e+02 9.6520e-03
1.0400e+02 7.7830e-03
1.0500e+02 8.0820e-03
1.0600e+02 7.9570e-03
1.0700e+02 8.1470e-03
1.0800e+02 8.1720e-03
1.0900e+02 8.5410e-03
1.1000e+02 8.8060e-03
1.1100e+02 8.4810e-03
1.1200e+02 8.7400e-03
1.1300e+02 8.5950e-03
1.1400e+02 8.4360e-03
1.1500e+02 1.0350e-02
1.1600e+02 8.6240e-03
1.1700e+02 9.3890e-03
1.1800e+02 1.3106e-02
1.1900e+02 1.1277e-02
1.2000e+02 8.9540e-03
1.2100e+02 9.5080e-03
1.2200e+02 9.5750e-03
1.2300e+02 1.4793e-02
1.2400e+02 1.0640e-02
1.2500e+02 9.3190e-03
1.2600e+02 9.9610e-03
1.2700e+02 9.7810e-03
1.2800e+02 1.0935e-02
1.2900e+02 1.2053e-02
1.3000e+02 1.1555e-02
1.3100e+02 1.1244e-02
1.3200e+02 1.1638e-02
1.3300e+02 1.1785e-02
1.3400e+02 1.2046e-02
1.3500e+02 1.2162e-02
1.3600e+02 1.2336e-02
1.3700e+02 1.2444e-02
1.3800e+02 1.3043e-02
1.3900e+02 1.2502e-02
1.4000e+02 1.3332e-02
1.4100e+02 1.5948e-02
1.4200e+02 1.2511e-02
1.4300e+02 1.3206e-02
1.4400e+02 1.4863e-02
1.4500e+02 1.3296e-02
1.4600e+02 1.3968e-02
1.4700e+02 2.1010e-02
1.4800e+02 2.0103e-02
1.4900e+02 1.6362e-02
1.5000e+02 1.6997e-02
1.5100e+02 1.5873e-02
1.5200e+02 1.3344e-02
1.5300e+02 1.5455e-02
1.5400e+02 1.4533e-02
1.5500e+02 1.4247e-02
1.5600e+02 1.6977e-02
1.5700e+02 1.5317e-02
1.5800e+02 1.4650e-02
1.5900e+02 1.5015e-02
1.6000e+02 1.4566e-02
1.6100e+02 1.7888e-02
1.6200e+02 1.5094e-02
1.6300e+02 1.7297e-02
1.6400e+02 1.5100e-02
1.6500e+02 1.6283e-02
1.6600e+02 1.5609e-02
1.6700e+02 1.8053e-02
1.6800e+02 1.5930e-02
1.6900e+02 1.7893e-02
1.7000e+02 1.5894e-02
1.7100e+02 2.3768e-02
1.7200e+02 1.6066e-02
1.7300e+02 1.8978e-02
1.7400e+02 1.5584e-02
1.7500e+02 1.7139e-02
1.7600e+02 2.0109e-02
1.7700e+02 2.0913e-02
1.7800e+02 2.1809e-02
1.7900e+02 1.9213e-02
1.8000e+02 1.6415e-02
1.8100e+02 1.9079e-02
1.8200e+02 1.7082e-02
1.8300e+02 2.0965e-02
1.8400e+02 1.6768e-02
1.8500e+02 1.8084e-02
1.8600e+02 2.0669e-02
1.8700e+02 1.7570e-02
1.8800e+02 2.0074e-02
1.8900e+02 1.8646e-02
1.9000e+02 1.9980e-02
1.9100e+02 1.8388e-02
1.9200e+02 2.1523e-02
1.9300e+02 1.9459e-02
1.9400e+02 2.0811e-02
1.9500e+02 2.0603e-02
1.9600e+02 1.9000e-02
1.9700e+02 2.1318e-02
1.9800e+02 2.0252e-02
1.9900e+02 2.2293e-02
2.0000e+02 1.9464e-02
2.0100e+02 2.0171e-02
2.0200e+02 1.9836e-02
2.0300e+02 2.3099e-02
2.0400e+02 2.7230e-02
2.0500e+02 2.8792e-02
2.0600e+02 2.2514e-02
2.0700e+02 2.4001e-02
2.0800e+02 2.0914e-02
2.0900e+02 2.2346e-02
2.1000e+02 2.3396e-02
2.1100e+02 2.3863e-02
2.1200e+02 2.0675e-02
2.1300e+02 2.2796e-02
2.1400e+02 2.8225e-02
2.1500e+02 2.2810e-02
2.1600e+02 2.5195e-02
2.1700e+02 2.4559e-02
2.1800e+02 2.1751e-02
2.1900e+02 2.5030e-02
2.2000e+02 2.3200e-02
2.2100e+02 2.3174e-02
2.2200e+02 2.5824e-02
2.2300e+02 2.3845e-02
2.2400e+02 2.4062e-02
2.2500e+02 2.6963e-02
2.2600e+02 2.8602e-02
2.2700e+02 3.1398e-02
2.2800e+02 2.5616e-02
2.2900e+02 2.5474e-02
2.3000e+02 2.5490e-02
2.3100e+02 2.9886e-02
2.3200e+02 2.4380e-02
2.3300e+02 2.6197e-02
2.3400e+02 2.6011e-02
2.3500e+02 3.0688e-02
2.3600e+02 3.7757e-02
2.3700e+02 3.0463e-02
2.3800e+02 2.8325e-02
2.3900e+02 2.6785e-02
2.4000e+02 2.7034e-02
2.4100e+02 2.9401e-02
2.4200e+02 3.0819e-02
2.4300e+02 2.8566e-02
2.4400e+02 3.0449e-02
2.4500e+02 4.2485e-02
2.4600e+02 2.8228e-02
2.4700e+02 2.9601e-02
2.4800e+02 3.1794e-02
2.4900e+02 2.8247e-02
2.5000e+02 2.9261e-02
2.5100e+02 3.2500e-02
2.5200e+02 2.7669e-02
2.5300e+02 3.0372e-02
2.5400e+02 2.9662e-02
2.5500e+02 2.9375e-02
2.5600e+02 3.4053e-02
2.5700e+02 5.1453e-02
2.5800e+02 4.6182e-02
2.5900e+02 4.7735e-02
2.6000e+02 4.5533e-02
2.6100e+02 6.2819e-02
2.6200e+02 4.7187e-02
2.6300e+02 5.0333e-02
2.6400e+02 4.9496e-02
2.6500e+02 5.1721e-02
2.6600e+02 5.1885e-02
2.6700e+02 4.8525e-02
2.6800e+02 5.2561e-02
2.6900e+02 5.1290e-02
2.7000e+02 5.1291e-02
2.7100e+02 5.1989e-02
2.7200e+02 6.3065e-02
2.7300e+02 5.0973e-02
2.7400e+02 5.0004e-02
2.7500e+02 5.3346e-02
2.7600e+02 5.2038e-02
2.7700e+02 5.1848e-02
2.7800e+02 5.3570e-02
2.7900e+02 5.4463e-02
2.8000e+02 5.1744e-02
2.8100e+02 5.3297e-02
2.8200e+02 5.4685e-02
2.8300e+02 8.0300e-02
2.8400e+02 5.7670e-02
2.8500e+02 6.0430e-02
2.8600e+02 5.9578e-02
2.8700e+02 6.1520e-02
2.8800e+02 5.9114e-02
2.8900e+02 6.2949e-02
2.9000e+02 6.3055e-02
2.9100e+02 6.2773e-02
2.9200e+02 6.2069e-02
2.9300e+02 7.5918e-02
2.9400e+02 6.4989e-02
2.9500e+02 6.4269e-02
2.9600e+02 6.2865e-02
2.9700e+02 6.3569e-02
2.9800e+02 6.9747e-02
2.9900e+02 6.4470e-02
3.0000e+02 6.4968e-02
3.0100e+02 6.4806e-02
3.0200e+02 7.7229e-02
3.0300e+02 6.6692e-02
3.0400e+02 6.1498e-02
3.0500e+02 6.8845e-02
3.0600e+02 6.8774e-02
3.0700e+02 6.3166e-02
3.0800e+02 6.9048e-02
3.0900e+02 6.9330e-02
3.1000e+02 6.8708e-02
3.1100e+02 8.7074e-02
3.1200e+02 6.8591e-02
3.1300e+02 7.1499e-02
3.1400e+02 7.0359e-02
3.1500e+02 7.3909e-02
3.1600e+02 7.0310e-02
3.1700e+02 6.8986e-02
3.1800e+02 7.0557e-02
3.1900e+02 7.1758e-02
3.2000e+02 8.7993e-02
3.2100e+02 7.6463e-02
3.2200e+02 7.4512e-02
3.2300e+02 7.4745e-02
3.2400e+02 7.2723e-02
3.2500e+02 7.4595e-02
3.2600e+02 7.2847e-02
3.2700e+02 8.3201e-02
3.2800e+02 8.9453e-02
3.2900e+02 8.5617e-02
3.3000e+02 7.9447e-02
3.3100e+02 8.2956e-02
3.3200e+02 8.8947e-02
3.3300e+02 1.0709e-01
3.3400e+02 8.4438e-02
3.3500e+02 8.5292e-02
3.3600e+02 9.8853e-02
3.3700e+02 8.6447e-02
3.3800e+02 8.3515e-02
3.3900e+02 9.0751e-02
3.4000e+02 8.4914e-02
3.4100e+02 8.6630e-02
3.4200e+02 8.4651e-02
3.4300e+02 9.2215e-02
3.4400e+02 9.8855e-02
3.4500e+02 8.7184e-02
3.4600e+02 8.3401e-02
3.4700e+02 9.4563e-02
3.4800e+02 8.7380e-02
3.4900e+02 9.4599e-02
3.5000e+02 9.4558e-02
3.5100e+02 1.0297e-01
3.5200e+02 8.7087e-02
3.5300e+02 9.4660e-02
3.5400e+02 8.8212e-02
3.5500e+02 9.4022e-02
3.5600e+02 9.2357e-02
3.5700e+02 9.3768e-02
3.5800e+02 9.4670e-02
3.5900e+02 1.1374e-01
3.6000e+02 9.9972e-02
3.6100e+02 1.0242e-01
3.6200e+02 9.7523e-02
3.6300e+02 9.6622e-02
3.6400e+02 1.0151e-01
3.6500e+02 1.0764e-01
3.6600e+02 1.1406e-01
3.6700e+02 1.2950e-01
3.6800e+02 1.0233e-01
3.6900e+02 1.0819e-01
3.7000e+02 1.0609e-01
3.7100e+02 1.0964e-01
3.7200e+02 1.2613e-01
3.7300e+02 1.1134e-01
3.7400e+02 1.1016e-01
3.7500e+02 1.2015e-01
3.7600e+02 9.5886e-02
3.7700e+02 1.0490e-01
3.7800e+02 9.8866e-02
3.7900e+02 1.0739e-01
3.8000e+02 9.0165e-02
3.8100e+02 9.6924e-02
3.8200e+02 9.9916e-02
3.8300e+02 1.0043e-01
3.8400e+02 9.8364e-02
3.8500e+02 1.0412e-01
3.8600e+02 1.2168e-01
3.8700e+02 1.0173e-01
3.8800e+02 1.0486e-01
3.8900e+02 1.1092e-01
3.9000e+02 1.0696e-01
3.9100e+02 1.1207e-01
3.9200e+02 1.2778e-01
3.9300e+02 1.5863e-01
3.9400e+02 1.4813e-01
3.9500e+02 1.2689e-01
3.9600e+02 1.2642e-01
3.9700e+02 1.2877e-01
3.9800e+02 1.4521e-01
3.9900e+02 1.3394e-01
4.0000e+02 1.2607e-01
4.0100e+02 1.3577e-01
4.0200e+02 1.3447e-01
4.0300e+02 1.3219e-01
4.0400e+02 1.4542e-01
4.0500e+02 1.2784e-01
4.0600e+02 1.3590e-01
4.0700e+02 1.4029e-01
4.0800e+02 1.4443e-01
4.0900e+02 1.4947e-01
4.1000e+02 1.4203e-01
4.1100e+02 1.5002e-01
4.1200e+02 1.4351e-01
4.1300e+02 1.3818e-01
4.1400e+02 1.4057e-01
4.1500e+02 1.5801e-01
4.1600e+02 1.4066e-01
4.1700e+02 1.4714e-01
4.1800e+02 1.3050e-01
4.1900e+02 1.1486e-01
4.2000e+02 1.1411e-01
4.2100e+02 1.3010e-01
4.2200e+02 1.4262e-01
4.2300e+02 1.2396e-01
4.2400e+02 1.1729e-01
4.2500e+02 1.2257e-01
4.2600e+02 1.2316e-01
4.2700e+02 1.4759e-01
4.2800e+02 1.2284e-01
4.2900e+02 1.2903e-01
4.3000e+02 1.2518e-01
4.3100e+02 1.2885e-01
4.3200e+02 1.1901e-01
4.3300e+02 1.3028e-01
4.3400e+02 1.2557e-01
4.3500e+02 1.2747e-01
4.3600e+02 1.2204e-01
4.3700e+02 1.2733e-01
4.3800e+02 1.3121e-01
4.3900e+02 1.3397e-01
4.4000e+02 1.3522e-01
4.4100e+02 1.3029e-01
4.4200e+02 1.2907e-01
4.4300e+02 1.3747e-01
4.4400e+02 1.3125e-01
4.4500e+02 1.3659e-01
4.4600e+02 1.4774e-01
4.4700e+02 1.3436e-01
4.4800e+02 1.3580e-01
4.4900e+02 1.3784e-01
4.5000e+02 1.3354e-01
4.5100e+02 1.3805e-01
4.5200e+02 1.4473e-01
4.5300e+02 1.4440e-01
4.5400e+02 1.3715e-01
4.5500e+02 1.5530e-01
4.5600e+02 1.4227e-01
4.5700e+02 1.4579e-01
4.5800e+02 1.4528e-01
4.5900e+02 1.4729e-01
4.6000e+02 1.4193e-01
4.6100e+02 1.4438e-01
4.6200e+02 1.3840e-01
4.6300e+02 1.4399e-01
4.6400e+02 1.4797e-01
4.6500e+02 1.5414e-01
4.6600e+02 1.5225e-01
4.6700e+02 1.5244e-01
4.6800e+02 1.5246e-01
4.6900e+02 1.5659e-01
4.7000e+02 1.5881e-01
4.7100e+02 1.5916e-01
4.7200e+02 1.5770e-01
4.7300e+02 1.6119e-01
4.7400e+02 1.5576e-01
4.7500e+02 1.5769e-01
4.7600e+02 1.8646e-01
4.7700e+02 1.6520e-01
4.7800e+02 1.5544e-01
4.7900e+02 1.6610e-01
4.8000e+02 1.6925e-01
4.8100e+02 1.8025e-01
4.8200e+02 1.7225e-01
4.8300e+02 1.6352e-01
4.8400e+02 1.7034e-01
4.8500e+02 1.6992e-01
4.8600e+02 1.9358e-01
4.8700e+02 1.7835e-01
4.8800e+02 1.6242e-01
4.8900e+02 1.7388e-01
4.9000e+02 1.7426e-01
4.9100e+02 1.8177e-01
4.9200e+02 1.7624e-01
4.9300e+02 1.7560e-01
4.9400e+02 1.8401e-01
4.9500e+02 1.8553e-01
4.9600e+02 1.9013e-01
4.9700e+02 1.9625e-01
4.9800e+02 1.8171e-01
4.9900e+02 1.8511e-01
5.0000e+02 1.8979e-01
5.0100e+02 1.9233e-01
5.0200e+02 1.9987e-01
5.0300e+02 1.9450e-01
5.0400e+02 1.9791e-01
5.0500e+02 1.9633e-01
5.0600e+02 2.1086e-01
5.0700e+02 1.9992e-01
5.0800e+02 2.0262e-01
5.0900e+02 2.0335e-01
5.1000e+02 1.9023e-01
5.1100e+02 2.1581e-01
5.1200e+02 1.9794e-01
5.1300e+02 2.0008e-01
5.1400e+02 2.2391e-01
5.1500e+02 2.1370e-01
5.1600e+02 2.1440e-01
5.1700e+02 2.2073e-01
5.1800e+02 2.1026e-01
5.1900e+02 2.4394e-01
5.2000e+02 2.1323e-01
5.2100e+02 2.2844e-01
5.2200e+02 2.1208e-01
5.2300e+02 2.3123e-01
5.2400e+02 2.2599e-01
5.2500e+02 2.3075e-01
5.2600e+02 2.3151e-01
5.2700e+02 2.2981e-01
5.2800e+02 2.2170e-01
5.2900e+02 2.2048e-01
5.3000e+02 2.2644e-01
5.3100e+02 2.1718e-01
5.3200e+02 2.3306e-01
5.3300e+02 2.3202e-01
5.3400e+02 2.3974e-01
5.3500e+02 2.4791e-01
5.3600e+02 2.3167e-01
5.3700e+02 2.4600e-01
5.3800e+02 2.2957e-01
5.3900e+02 2.4168e-01
5.4000e+02 2.4230e-01
5.4100e+02 2.5092e-01
5.4200e+02 2.4331e-01
5.4300e+02 2.4533e-01
5.4400e+02 2.6347e-01
5.4500e+02 2.5639e-01
5.4600e+02 2.4632e-01
5.4700e+02 2.6837e-01
5.4800e+02 2.4567e-01
5.4900e+02 2.6261e-01
5.5000e+02 2.6435e-01
5.5100e+02 2.9314e-01
5.5200e+02 2.5063e-01
5.5300e+02 2.7462e-01
5.5400e+02 2.7621e-01
5.5500e+02 2.7294e-01
5.5600e+02 2.5540e-01
5.5700e+02 2.6970e-01
5.5800e+02 2.9803e-01
5.5900e+02 2.7924e-01
5.6000e+02 2.6527e-01
5.6100e+02 2.8561e-01
5.6200e+02 2.7789e-01
5.6300e+02 2.7883e-01
5.6400e+02 2.6911e-01
5.6500e+02 3.1057e-01
5.6600e+02 2.8267e-01
5.6700e+02 2.9642e-01
5.6800e+02 2.7750e-01
5.6900e+02 2.7623e-01
5.7000e+02 2.6226e-01
5.7100e+02 2.9368e-01
5.7200e+02 2.8671e-01
5.7300e+02 2.9377e-01
5.7400e+02 2.9440e-01
5.7500e+02 3.1275e-01
5.7600e+02 3.4530e-01
5.7700e+02 2.8663e-01
5.7800e+02 2.9525e-01
5.7900e+02 3.0214e-01
5.8000e+02 3.0147e-01
5.8100e+02 3.0288e-01
5.8200e+02 3.1595e-01
5.8300e+02 3.1061e-01
5.8400e+02 3.0597e-01
5.8500e+02 3.2666e-01
5.8600e+02 3.1955e-01
5.8700e+02 3.2115e-01
5.8800e+02 3.0436e-01
5.8900e+02 3.1536e-01
5.9000e+02 3.2479e-01
5.9100e+02 3.2695e-01
5.9200e+02 3.1358e-01
5.9300e+02 3.2614e-01
5.9400e+02 3.2803e-01
5.9500e+02 3.2513e-01
5.9600e+02 3.2883e-01
5.9700e+02 3.1913e-01
5.9800e+02 3.2743e-01
5.9900e+02 3.2710e-01
6.0000e+02 3.2382e-01
6.0100e+02 3.4451e-01
6.0200e+02 3.2213e-01
6.0300e+02 3.5136e-01
6.0400e+02 3.4040e-01
6.0500e+02 3.7444e-01
6.0600e+02 3.5160e-01
6.0700e+02 3.4872e-01
6.0800e+02 4.0825e-01
6.0900e+02 3.4774e-01
6.1000e+02 3.4941e-01
6.1100e+02 3.7010e-01
6.1200e+02 3.5178e-01
6.1300e+02 3.5390e-01
6.1400e+02 3.5306e-01
6.1500e+02 3.7557e-01
6.1600e+02 3.6389e-01
6.1700e+02 3.6499e-01
6.1800e+02 3.4485e-01
6.1900e+02 3.7331e-01
6.2000e+02 3.5782e-01
6.2100e+02 3.8394e-01
6.2200e+02 3.6311e-01
6.2300e+02 3.6642e-01
6.2400e+02 3.6899e-01
6.2500e+02 3.8855e-01
6.2600e+02 3.5741e-01
6.2700e+02 3.8070e-01
6.2800e+02 3.8448e-01
6.2900e+02 3.8103e-01
6.3000e+02 3.6300e-01
6.3100e+02 3.8586e-01
6.3200e+02 3.8970e-01
6.3300e+02 3.9183e-01
6.3400e+02 3.7993e-01
6.3500e+02 4.0435e-01
6.3600e+02 3.7936e-01
6.3700e+02 4.0428e-01
6.3800e+02 4.0049e-01
6.3900e+02 3.9412e-01
6.4000e+02 4.0851e-01
6.4100e+02 4.0542e-01
6.4200e+02 3.9327e-01
6.4300e+02 4.0650e-01
6.4400e+02 4.3650e-01
6.4500e+02 4.2370e-01
6.4600e+02 4.1168e-01
6.4700e+02 4.2193e-01
6.4800e+02 4.0978e-01
6.4900e+02 4.0999e-01
6.5000e+02 4.1376e-01
6.5100e+02 4.1514e-01
6.5200e+02 4.1232e-01
6.5300e+02 4.2300e-01
6.5400e+02 4.2483e-01
6.5500e+02 4.3782e-01
6.5600e+02 4.2234e-01
6.5700e+02 4.0879e-01
6.5800e+02 4.4054e-01
6.5900e+02 4.0942e-01
6.6000e+02 4.7054e-01
6.6100e+02 4.6219e-01
6.6200e+02 4.5894e-01
6.6300e+02 4.4073e-01
6.6400e+02 4.3450e-01
6.6500e+02 4.4876e-01
6.6600e+02 4.4597e-01
6.6700e+02 4.5003e-01
6.6800e+02 4.4807e-01
6.6900e+02 4.5891e-01
6.7000e+02 4.4772e-01
6.7100e+02 4.3960e-01
6.7200e+02 4.5189e-01
6.7300e+02 4.2563e-01
6.7400e+02 4.6800e-01
6.7500e+02 4.5573e-01
6.7600e+02 4.7028e-01
6.7700e+02 4.4661e-01
6.7800e+02 4.5918e-01
6.7900e+02 4.7923e-01
6.8000e+02 4.6467e-01
6.8100e+02 4.6933e-01
6.8200e+02 5.0870e-01
6.8300e+02 4.7881e-01
6.8400e+02 4.8638e-01
6.8500e+02 5.0009e-01
6.8600e+02 4.8504e-01
6.8700e+02 4.8935e-01
6.8800e+02 4.7330e-01
6.8900e+02 4.6871e-01
6.9000e+02 4.8574e-01
6.9100e+02 4.9296e-01
6.9200e+02 4.7125e-01
6.9300e+02 4.8280e-01
6.9400e+02 5.1702e-01
6.9500e+02 4.6460e-01
6.9600e+02 4.7172e-01
6.9700e+02 5.0794e-01
6.9800e+02 5.1196e-01
6.9900e+02 5.0353e-01
7.0000e+02 4.9192e-01
7.0100e+02 5.2192e-01
7.0200e+02 5.0201e-01
7.0300e+02 5.3661e-01
7.0400e+02 5.1855e-01
7.0500e+02 5.3211e-01
7.0600e+02 5.1597e-01
7.0700e+02 5.2681e-01
7.0800e+02 5.2332e-01
7.0900e+02 5.5055e-01
7.1000e+02 5.0779e-01
7.1100e+02 5.2084e-01
7.1200e+02 5.3000e-01
7.1300e+02 5.0940e-01
7.1400e+02 5.5103e-01
7.1500e+02 5.1148e-01
7.1600e+02 5.5970e-01
7.1700e+02 5.2445e-01
7.1800e+02 5.6669e-01
7.1900e+02 5.8455e-01
7.2000e+02 5.3198e-01
7.2100e+02 5.3767e-01
7.2200e+02 5.8056e-01
7.2300e+02 5.8439e-01
7.2400e+02 5.6222e-01
7.2500e+02 5.6456e-01
7.2600e+02 5.6851e-01
7.2700e+02 5.7861e-01
7.2800e+02 5.6380e-01
7.2900e+02 5.6889e-01
7.3000e+02 5.8815e-01
7.3100e+02 5.5525e-01
7.3200e+02 5.2858e-01
7.3300e+02 5.3034e-01
7.3400e+02 5.7500e-01
7.3500e+02 5.7669e-01
7.3600e+02 5.5140e-01
7.3700e+02 6.1588e-01
7.3800e+02 5.9131e-01
7.3900e+02 5.8803e-01
7.4000e+02 5.8303e-01
7.4100e+02 5.8333e-01
7.4200e+02 6.1180e-01
7.4300e+02 6.1459e-01
7.4400e+02 5.8266e-01
7.4500e+02 5.8673e-01
7.4600e+02 6.2502e-01
7.4700e+02 6.0960e-01
7.4800e+02 6.0695e-01
7.4900e+02 6.0976e-01
7.5000e+02 6.2692e-01
7.5100e+02 6.0720e-01
7.5200e+02 6.0301e-01
7.5300e+02 5.9986e-01
7.5400e+02 6.2917e-01
7.5500e+02 6.1763e-01
7.5600e+02 6.4363e-01
7.5700e+02 6.2626e-01
7.5800e+02 6.0903e-01
7.5900e+02 6.0736e-01
7.6000e+02 6.2750e-01
7.6100e+02 6.3522e-01
7.6200e+02 6.4950e-01
7.6300e+02 6.3816e-01
7.6400e+02 6.4930e-01
7.6500e+02 6.3793e-01
7.6600e+02 6.5659e-01
7.6700e+02 6.3126e-01
7.6800e+02 6.4528e-01
7.6900e+02 6.5322e-01
7.7000e+02 6.3964e-01
7.7100e+02 6.4437e-01
7.7200e+02 6.3712e-01
7.7300e+02 6.6406e-01
7.7400e+02 6.5746e-01
7.7500e+02 6.8443e-01
7.7600e+02 6.3891e-01
7.7700e+02 6.6341e-01
7.7800e+02 6.7585e-01
7.7900e+02 6.7743e-01
7.8000e+02 6.7485e-01
7.8100e+02 6.8516e-01
7.8200e+02 6.9307e-01
7.8300e+02 6.5626e-01
7.8400e+02 6.7199e-01
7.8500e+02 6.8108e-01
7.8600e+02 6.8525e-01
7.8700e+02 7.1495e-01
7.8800e+02 6.7772e-01
7.8900e+02 7.0721e-01
7.9000e+02 6.8696e-01
7.9100e+02 7.1000e-01
7.9200e+02 6.6236e-01
7.9300e+02 7.2800e-01
7.9400e+02 7.0681e-01
7.9500e+02 7.0439e-01
7.9600e+02 6.7737e-01
7.9700e+02 7.2154e-01
7.9800e+02 6.8193e-01
7.9900e+02 7.6268e-01
8.0000e+02 6.5008e-01
8.0100e+02 6.8489e-01
8.0200e+02 7.1398e-01
8.0300e+02 7.1382e-01
8.0400e+02 7.3472e-01
8.0500e+02 7.1123e-01
8.0600e+02 7.3366e-01
8.0700e+02 7.3297e-01
8.0800e+02 7.6794e-01
8.0900e+02 7.6485e-01
8.1000e+02 7.3298e-01
8.1100e+02 7.3639e-01
8.1200e+02 7.3577e-01
8.1300e+02 7.7627e-01
8.1400e+02 7.5308e-01
8.1500e+02 7.7583e-01
8.1600e+02 7.2067e-01
8.1700e+02 7.6951e-01
8.1800e+02 8.0170e-01
8.1900e+02 7.8480e-01
8.2000e+02 7.7476e-01
8.2100e+02 7.7669e-01
8.2200e+02 7.4359e-01
8.2300e+02 7.8300e-01
8.2400e+02 7.4438e-01
8.2500e+02 7.8912e-01
8.2600e+02 7.6309e-01
8.2700e+02 7.9742e-01
8.2800e+02 7.8143e-01
8.2900e+02 7.9897e-01
8.3000e+02 8.0297e-01
8.3100e+02 8.1015e-01
8.3200e+02 8.0998e-01
8.3300e+02 8.0924e-01
8.3400e+02 7.6473e-01
8.3500e+02 7.9457e-01
8.3600e+02 8.0543e-01
8.3700e+02 8.0635e-01
8.3800e+02 8.1264e-01
8.3900e+02 7.9858e-01
8.4000e+02 7.9798e-01
8.4100e+02 8.2049e-01
8.4200e+02 7.9818e-01
8.4300e+02 8.5819e-01
8.4400e+02 8.2188e-01
8.4500e+02 8.7210e-01
8.4600e+02 8.3748e-01
8.4700e+02 8.0591e-01
8.4800e+02 8.1907e-01
8.4900e+02 8.7204e-01
8.5000e+02 8.5099e-01
8.5100e+02 8.2976e-01
8.5200e+02 8.3878e-01
8.5300e+02 8.5871e-01
8.5400e+02 8.7230e-01
8.5500e+02 8.3922e-01
8.5600e+02 8.2136e-01
8.5700e+02 8.4356e-01
8.5800e+02 8.2805e-01
8.5900e+02 8.4599e-01
8.6000e+02 8.3159e-01
8.6100e+02 8.6438e-01
8.6200e+02 8.6352e-01
8.6300e+02 8.1819e-01
8.6400e+02 9.5700e-01
8.6500e+02 8.8910e-01
8.6600e+02 9.1867e-01
8.6700e+02 8.9092e-01
8.6800e+02 8.5008e-01
8.6900e+02 8.8966e-01
8.7000e+02 9.1527e-01
8.7100e+02 8.9819e-01
8.7200e+02 9.1977e-01
8.7300e+02 9.2350e-01
8.7400e+02 8.7652e-01
8.7500e+02 8.9281e-01
8.7600e+02 8.7498e-01
8.7700e+02 9.1726e-01
8.7800e+02 8.9470e-01
8.7900e+02 8.8711e-01
8.8000e+02 8.4567e-01
8.8100e+02 9.0197e-01
8.8200e+02 8.6515e-01
8.8300e+02 8.8829e-01
8.8400e+02 9.3539e-01
8.8500e+02 9.1185e-01
8.8600e+02 9.4473e-01
8.8700e+02 9.4243e-01
8.8800e+02 9.1408e-01
8.8900e+02 9.2825e-01
8.9000e+02 9.2614e-01
8.9100e+02 9.2036e-01
8.9200e+02 9.3936e-01
8.9300e+02 9.6513e-01
8.9400e+02 9.8120e-01
8.9500e+02 9.2305e-01
8.9600e+02 9.2181e-01
8.9700e+02 9.4778e-01
8.9800e+02 9.2565e-01
8.9900e+02 9.7235e-01
9.0000e+02 9.6816e-01
9.0100e+02 9.2735e-01
9.0200e+02 1.0201e+00
9.0300e+02 9.5110e-01
9.0400e+02 9.7034e-01
9.0500e+02 9.7799e-01
9.0600e+02 9.3456e-01
9.0700e+02 9.6753e-01
9.0800e+02 1.0193e+00
9.0900e+02 1.0260e+00
9.1000e+02 9.8046e-01
9.1100e+02 1.0106e+00
9.1200e+02 9.8034e-01
9.1300e+02 9.9614e-01
9.1400e+02 9.8946e-01
9.1500e+02 9.8735e-01
9.1600e+02 1.0027e+00
9.1700e+02 1.0171e+00
9.1800e+02 1.0495e+00
9.1900e+02 1.0259e+00
9.2000e+02 1.1285e+00
9.2100e+02 1.0644e+00
9.2200e+02 9.7319e-01
9.2300e+02 1.0498e+00
9.2400e+02 1.0271e+00
9.2500e+02 1.0461e+00
9.2600e+02 1.0134e+00
9.2700e+02 1.0305e+00
9.2800e+02 1.0125e+00
9.2900e+02 1.0197e+00
9.3000e+02 1.0308e+00
9.3100e+02 1.0123e+00
9.3200e+02 1.0313e+00
9.3300e+02 1.0510e+00
9.3400e+02 1.0459e+00
9.3500e+02 1.0425e+00
9.3600e+02 1.0599e+00
9.3700e+02 1.0873e+00
9.3800e+02 1.0629e+00
9.3900e+02 1.0703e+00
9.4000e+02 1.0667e+00
9.4100e+02 1.1018e+00
9.4200e+02 1.0626e+00
9.4300e+02 1.0847e+00
9.4400e+02 1.1026e+00
9.4500e+02 1.1190e+00
9.4600e+02 1.1177e+00
9.4700e+02 1.0547e+00
9.4800e+02 1.0801e+00
9.4900e+02 1.0584e+00
9.5000e+02 1.0428e+00
9.5100e+02 1.0590e+00
9.5200e+02 1.0317e+00
9.5300e+02 1.1309e+00
9.5400e+02 1.1246e+00
9.5500e+02 1.1299e+00
9.5600e+02 1.1222e+00
9.5700e+02 1.0998e+00
9.5800e+02 1.1069e+00
9.5900e+02 1.0688e+00
9.6000e+02 1.1362e+00
9.6100e+02 1.0981e+00
9.6200e+02 1.1504e+00
9.6300e+02 1.1121e+00
9.6400e+02 1.0804e+00
9.6500e+02 1.1343e+00
9.6600e+02 1.1254e+00
9.6700e+02 1.1570e+00
9.6800e+02 1.1429e+00
9.6900e+02 1.1484e+00
9.7000e+02 1.1567e+00
9.7100e+02 1.1498e+00
9.7200e+02 1.1178e+00
9.7300e+02 1.1418e+00
9.7400e+02 1.1690e+00
9.7500e+02 1.1713e+00
9.7600e+02 1.1856e+00
9.7700e+02 1.1594e+00
9.7800e+02 1.1512e+00
9.7900e+02 1.1739e+00
9.8000e+02 1.1898e+00
9.8100e+02 1.1698e+00
9.8200e+02 1.1764e+00
9.8300e+02 1.2246e+00
9.8400e+02 1.1868e+00
9.8500e+02 1.2257e+00
9.8600e+02 1.2235e+00
9.8700e+02 1.2088e+00
9.8800e+02 1.2131e+00
9.8900e+02 1.1991e+00
9.9000e+02 1.1790e+00
9.9100e+02 1.2425e+00
9.9200e+02 1.2292e+00
9.9300e+02 1.2364e+00
9.9400e+02 1.2240e+00
9.9500e+02 1.2047e+00
9.9600e+02 1.2112e+00
9.9700e+02 1.2473e+00
9.9800e+02 1.1992e+00
9.9900e+02 1.1889e+00
1.0000e+03 1.2417e+00
1.0010e+03 1.2496e+00
