2.0000e+00 3.8170e-03
2.0000e+00 3.8170e-03
3.0000e+00 3.4980e-03
4.0000e+00 1.6930e-03
5.0000e+00 1.9920e-03
6.0000e+00 2.5460e-03
7.0000e+00 1.9690e-03
8.0000e+00 1.8470e-03
9.0000e+00 2.2220e-03
1.0000e+01 2.8410e-03
1.1000e+01 2.6880e-03
1.2000e+01 4.1480e-03
1.3000e+01 3.8100e-03
1.4000e+01 2.5310e-03
1.5000e+01 3.9130e-03
1.6000e+01 4.4130e-03
1.7000e+01 2.8100e-03
1.8000e+01 3.2100e-03
1.9000e+01 3.3980e-03
2.0000e+01 2.6220e-03
2.1000e+01 2.6840e-03
2.2000e+01 2.6810e-03
2.3000e+01 3.9940e-03
2.4000e+01 2.6320e-03
2.5000e+01 3.2450e-03
2.6000e+01 3.6110e-03
2.7000e+01 3.6680e-03
2.8000e+01 3.6880e-03
2.9000e+01 3.1880e-03
3.0000e+01 3.3100e-03
3.1000e+01 5.2740e-03
3.2000e+01 5.3980e-03
3.3000e+01 1.1131e-02
3.4000e+01 7.9310e-03
3.5000e+01 1.0151e-02
3.6000e+01 1.0253e-02
3.7000e+01 1.0944e-02
3.8000e+01 1.1295e-02
3.9000e+01 9.8510e-03
4.0000e+01 1.1053e-02
4.1000e+01 1.1016e-02
4.2000e+01 1.2757e-02
4.3000e+01 1.1710e-02
4.4000e+01 1.2028e-02
4.5000e+01 1.3353e-02
4.6000e+01 1.3362e-02
4.7000e+01 1.1871e-02
4.8000e+01 1.2352e-02
4.9000e+01 1.7413e-02
5.0000e+01 1.7032e-02
5.1000e+01 1.6255e-02
5.2000e+01 1.7988e-02
5.3000e+01 1.7332e-02
5.4000e+01 1.7039e-02
5.5000e+01 1.7464e-02
5.6000e+01 2.0848e-02
5.7000e+01 1.6879e-02
5.8000e+01 1.7619e-02
5.9000e+01 1.9132e-02
6.0000e+01 1.8063e-02
6.1000e+01 2.1445e-02
6.2000e+01 2.0740e-02
6.3000e+01 2.1680e-02
6.4000e+01 1.8043e-02
6.5000e+01 2.7522e-02
6.6000e+01 2.3543e-02
6.7000e+01 2.7209e-02
6.8000e+01 2.6069e-02
6.9000e+01 2.8823e-02
7.0000e+01 2.4093e-02
7.1000e+01 3.0430e-02
7.2000e+01 2.7053e-02
7.3000e+01 2.7009e-02
7.4000e+01 2.7819e-02
7.5000e+01 3.1852e-02
7.6000e+01 2.8600e-02
7.7000e+01 3.1231e-02
7.8000e+01 2.6986e-02
7.9000e+01 2.9984e-02
8.0000e+01 3.0034e-02
8.1000e+01 3.0432e-02
8.2000e+01 3.1705e-02
8.3000e+01 3.2693e-02
8.4000e+01 3.5278e-02
8.5000e+01 3.2881e-02
8.6000e+01 3.4402e-02
8.7000e+01 4.0490e-02
8.8000e+01 3.4850e-02
8.9000e+01 3.7393e-02
9.0000e+01 3.3134e-02
9.1000e+01 3.9287e-02
9.2000e+01 3.6178e-02
9.3000e+01 3.8269e-02
9.4000e+01 3.9405e-02
9.5000e+01 3.9898e-02
9.6000e+01 4.0133e-02
9.7000e+01 4.2065e-02
9.8000e+01 4.3414e-02
9.9000e+01 4.5956e-02
1.0000e+02 4.0575e-02
1.0100e+02 4.2923e-02
1.0200e+02 4.4016e-02
1.0300e+02 4.3838e-02
1.0400e+02 4.6782e-02
1.0500e+02 4.4115e-02
1.0600e+02 4.2638e-02
1.0700e+02 4.7672e-02
1.0800e+02 4.8322e-02
1.0900e+02 5.0945e-02
1.1000e+02 5.0102e-02
1.1100e+02 4.8763e-02
1.1200e+02 4.7274e-02
1.1300e+02 5.1543e-02
1.1400e+02 5.6786e-02
1.1500e+02 5.2143e-02
1.1600e+02 5.2995e-02
1.1700e+02 5.9598e-02
1.1800e+02 5.5198e-02
1.1900e+02 5.8703e-02
1.2000e+02 5.2016e-02
1.2100e+02 5.7748e-02
1.2200e+02 5.5339e-02
1.2300e+02 6.1003e-02
1.2400e+02 5.5971e-02
1.2500e+02 6.0246e-02
1.2600e+02 6.0307e-02
1.2700e+02 6.3172e-02
1.2800e+02 6.4422e-02
1.2900e+02 7.7781e-02
1.3000e+02 6.4433e-02
1.3100e+02 7.2937e-02
1.3200e+02 6.3749e-02
1.3300e+02 7.3331e-02
1.3400e+02 7.0248e-02
1.3500e+02 8.2117e-02
1.3600e+02 7.3371e-02
1.3700e+02 7.0483e-02
1.3800e+02 6.8800e-02
1.3900e+02 8.0597e-02
1.4000e+02 7.5006e-02
1.4100e+02 7.5395e-02
1.4200e+02 8.1069e-02
1.4300e+02 7.6135e-02
1.4400e+02 6.7433e-02
1.4500e+02 8.5377e-02
1.4600e+02 8.1606e-02
1.4700e+02 8.7933e-02
1.4800e+02 8.6962e-02
1.4900e+02 9.0113e-02
1.5000e+02 8.8383e-02
1.5100e+02 9.4745e-02
2.0000e+00 5.1480e-03
3.0000e+00 3.7070e-03
4.0000e+00 2.1950e-03
5.0000e+00 3.8320e-03
6.0000e+00 3.9180e-03
7.0000e+00 4.4020e-03
8.0000e+00 2.8260e-03
9.0000e+00 3.2490e-03
1.0000e+01 4.2310e-03
1.1000e+01 3.8970e-03
1.2000e+01 2.2840e-03
1.3000e+01 2.2290e-03
1.4000e+01 2.6440e-03
1.5000e+01 2.6800e-03
1.6000e+01 3.3460e-03
1.7000e+01 2.6120e-03
1.8000e+01 3.2650e-03
1.9000e+01 3.7400e-03
2.0000e+01 3.1070e-03
2.1000e+01 3.0540e-03
2.2000e+01 3.1900e-03
2.3000e+01 3.1310e-03
2.4000e+01 2.5950e-03
2.5000e+01 2.9810e-03
2.6000e+01 3.0270e-03
2.7000e+01 2.8110e-03
2.8000e+01 3.3370e-03
2.9000e+01 3.2620e-03
3.0000e+01 3.1790e-03
3.1000e+01 5.7240e-03
3.2000e+01 3.6860e-03
3.3000e+01 9.9540e-03
3.4000e+01 8.1880e-03
3.5000e+01 9.9520e-03
3.6000e+01 9.9090e-03
3.7000e+01 9.8190e-03
3.8000e+01 9.3780e-03
3.9000e+01 1.0436e-02
4.0000e+01 1.0337e-02
4.1000e+01 1.0133e-02
4.2000e+01 1.0912e-02
4.3000e+01 1.1839e-02
4.4000e+01 1.0710e-02
4.5000e+01 1.2534e-02
4.6000e+01 1.1803e-02
4.7000e+01 1.2339e-02
4.8000e+01 1.1865e-02
4.9000e+01 1.5985e-02
5.0000e+01 1.5245e-02
5.1000e+01 1.7062e-02
5.2000e+01 1.6102e-02
5.3000e+01 1.7067e-02
5.4000e+01 1.6791e-02
5.5000e+01 1.9178e-02
5.6000e+01 1.7678e-02
5.7000e+01 1.9174e-02
5.8000e+01 1.8775e-02
5.9000e+01 2.0074e-02
6.0000e+01 1.9592e-02
6.1000e+01 1.9876e-02
6.2000e+01 1.8671e-02
6.3000e+01 2.0249e-02
6.4000e+01 1.8562e-02
6.5000e+01 3.1403e-02
6.6000e+01 2.6375e-02
6.7000e+01 2.8811e-02
6.8000e+01 2.6573e-02
6.9000e+01 2.6711e-02
7.0000e+01 2.6980e-02
7.1000e+01 2.7939e-02
7.2000e+01 2.6844e-02
7.3000e+01 2.9567e-02
7.4000e+01 2.6543e-02
7.5000e+01 3.0087e-02
7.6000e+01 1.9285e-02
7.7000e+01 3.0660e-02
7.8000e+01 2.6076e-02
7.9000e+01 3.2219e-02
8.0000e+01 2.5615e-02
8.1000e+01 3.5339e-02
8.2000e+01 3.1922e-02
8.3000e+01 3.5616e-02
8.4000e+01 3.2652e-02
8.5000e+01 3.5814e-02
8.6000e+01 3.6753e-02
8.7000e+01 3.7441e-02
8.8000e+01 3.6560e-02
8.9000e+01 3.8020e-02
9.0000e+01 3.8379e-02
9.1000e+01 3.7581e-02
9.2000e+01 3.9870e-02
9.3000e+01 3.9078e-02
9.4000e+01 3.6196e-02
9.5000e+01 3.9256e-02
9.6000e+01 3.6161e-02
9.7000e+01 4.2288e-02
9.8000e+01 4.3815e-02
9.9000e+01 4.1683e-02
1.0000e+02 4.2484e-02
1.0100e+02 4.6412e-02
1.0200e+02 4.6259e-02
1.0300e+02 4.5567e-02
1.0400e+02 4.2170e-02
1.0500e+02 4.7723e-02
1.0600e+02 4.5914e-02
1.0700e+02 5.6932e-02
1.0800e+02 4.9469e-02
1.0900e+02 4.8760e-02
1.1000e+02 4.7781e-02
1.1100e+02 4.8636e-02
1.1200e+02 4.6941e-02
1.1300e+02 5.4664e-02
1.1400e+02 5.2508e-02
1.1500e+02 5.4858e-02
1.1600e+02 4.8574e-02
1.1700e+02 5.0685e-02
1.1800e+02 5.6892e-02
1.1900e+02 5.7582e-02
1.2000e+02 5.4577e-02
1.2100e+02 5.7675e-02
1.2200e+02 5.6325e-02
1.2300e+02 6.1896e-02
1.2400e+02 6.3387e-02
1.2500e+02 6.0641e-02
1.2600e+02 6.1719e-02
1.2700e+02 5.3139e-02
1.2800e+02 5.0789e-02
1.2900e+02 5.5679e-02
1.3000e+02 5.7625e-02
1.3100e+02 5.5549e-02
1.3200e+02 5.7271e-02
1.3300e+02 5.8690e-02
1.3400e+02 5.7734e-02
1.3500e+02 5.8817e-02
1.3600e+02 6.1635e-02
1.3700e+02 6.3503e-02
1.3800e+02 6.0615e-02
1.3900e+02 6.4258e-02
1.4000e+02 6.0766e-02
1.4100e+02 6.7780e-02
1.4200e+02 6.1654e-02
1.4300e+02 6.1768e-02
1.4400e+02 6.1258e-02
1.4500e+02 6.9286e-02
1.4600e+02 8.2404e-02
1.4700e+02 9.5361e-02
1.4800e+02 9.3654e-02
1.4900e+02 8.2807e-02
1.5000e+02 8.6732e-02
1.5100e+02 9.9500e-02
2.0000e+00 3.7250e-03
3.0000e+00 2.6560e-03
4.0000e+00 3.8720e-03
5.0000e+00 4.1280e-03
6.0000e+00 4.2220e-03
7.0000e+00 4.0670e-03
8.0000e+00 4.1850e-03
9.0000e+00 4.6310e-03
1.0000e+01 2.3620e-03
1.1000e+01 2.6990e-03
1.2000e+01 2.4590e-03
1.3000e+01 2.9150e-03
1.4000e+01 2.4800e-03
1.5000e+01 3.0620e-03
1.6000e+01 2.4820e-03
1.7000e+01 2.7150e-03
1.8000e+01 3.0690e-03
1.9000e+01 2.9440e-03
2.0000e+01 2.9890e-03
2.1000e+01 2.5310e-03
2.2000e+01 2.9280e-03
2.3000e+01 3.1650e-03
2.4000e+01 2.6480e-03
2.5000e+01 2.8490e-03
2.6000e+01 3.7710e-03
2.7000e+01 4.1020e-03
2.8000e+01 2.9880e-03
2.9000e+01 3.2580e-03
3.0000e+01 3.8210e-03
3.1000e+01 3.5800e-03
3.2000e+01 3.3090e-03
3.3000e+01 1.0695e-02
3.4000e+01 9.6250e-03
3.5000e+01 1.0173e-02
3.6000e+01 1.0702e-02
3.7000e+01 1.1081e-02
3.8000e+01 1.1769e-02
3.9000e+01 1.0474e-02
4.0000e+01 1.0332e-02
4.1000e+01 1.0201e-02
4.2000e+01 1.0672e-02
4.3000e+01 1.0746e-02
4.4000e+01 1.0612e-02
4.5000e+01 1.0794e-02
4.6000e+01 1.1332e-02
4.7000e+01 1.2547e-02
4.8000e+01 1.2828e-02
4.9000e+01 1.8919e-02
5.0000e+01 1.7257e-02
5.1000e+01 1.7819e-02
5.2000e+01 1.5088e-02
5.3000e+01 1.6409e-02
5.4000e+01 1.6863e-02
5.5000e+01 1.8976e-02
5.6000e+01 1.6950e-02
5.7000e+01 1.7315e-02
5.8000e+01 1.8111e-02
5.9000e+01 2.3427e-02
6.0000e+01 2.0479e-02
6.1000e+01 1.9943e-02
6.2000e+01 2.1277e-02
6.3000e+01 2.0378e-02
6.4000e+01 2.0679e-02
6.5000e+01 2.5010e-02
6.6000e+01 2.4291e-02
6.7000e+01 2.7663e-02
6.8000e+01 2.3425e-02
6.9000e+01 3.2008e-02
7.0000e+01 2.6909e-02
7.1000e+01 2.4601e-02
7.2000e+01 2.5326e-02
7.3000e+01 2.7324e-02
7.4000e+01 2.6256e-02
7.5000e+01 2.7385e-02
7.6000e+01 2.7066e-02
7.7000e+01 2.9858e-02
7.8000e+01 2.8176e-02
7.9000e+01 3.2030e-02
8.0000e+01 2.6202e-02
8.1000e+01 3.4316e-02
8.2000e+01 2.9994e-02
8.3000e+01 3.3323e-02
8.4000e+01 3.8032e-02
8.5000e+01 3.5636e-02
8.6000e+01 3.6059e-02
8.7000e+01 3.5644e-02
8.8000e+01 3.5024e-02
8.9000e+01 3.5849e-02
9.0000e+01 3.3394e-02
9.1000e+01 3.7759e-02
9.2000e+01 3.7753e-02
9.3000e+01 4.0143e-02
9.4000e+01 3.9128e-02
9.5000e+01 4.0125e-02
9.6000e+01 3.9171e-02
9.7000e+01 4.1390e-02
9.8000e+01 4.1361e-02
9.9000e+01 4.4717e-02
1.0000e+02 4.3908e-02
1.0100e+02 4.3212e-02
1.0200e+02 5.0161e-02
1.0300e+02 4.7240e-02
1.0400e+02 4.3496e-02
1.0500e+02 4.5092e-02
1.0600e+02 4.4808e-02
1.0700e+02 5.2043e-02
1.0800e+02 4.7005e-02
1.0900e+02 5.0741e-02
1.1000e+02 4.6981e-02
1.1100e+02 4.7114e-02
1.1200e+02 4.9581e-02
1.1300e+02 5.4019e-02
1.1400e+02 5.2792e-02
1.1500e+02 5.3413e-02
1.1600e+02 5.8584e-02
1.1700e+02 6.3063e-02
1.1800e+02 5.3970e-02
1.1900e+02 5.9885e-02
1.2000e+02 5.5250e-02
1.2100e+02 6.2157e-02
1.2200e+02 5.9714e-02
1.2300e+02 6.0940e-02
1.2400e+02 6.0512e-02
1.2500e+02 5.8183e-02
1.2600e+02 5.1885e-02
1.2700e+02 6.5849e-02
1.2800e+02 5.7241e-02
1.2900e+02 6.7816e-02
1.3000e+02 6.4085e-02
1.3100e+02 6.6810e-02
1.3200e+02 7.3358e-02
1.3300e+02 7.3775e-02
1.3400e+02 6.8834e-02
1.3500e+02 7.0585e-02
1.3600e+02 7.1724e-02
1.3700e+02 7.4368e-02
1.3800e+02 7.6200e-02
1.3900e+02 7.6349e-02
1.4000e+02 7.1577e-02
1.4100e+02 7.6965e-02
1.4200e+02 7.5478e-02
1.4300e+02 7.9464e-02
1.4400e+02 7.8508e-02
1.4500e+02 8.6290e-02
1.4600e+02 8.9545e-02
1.4700e+02 8.5407e-02
1.4800e+02 8.0090e-02
1.4900e+02 9.6498e-02
1.5000e+02 8.2701e-02
1.5100e+02 8.3444e-02
2.0000e+00 5.8910e-03
3.0000e+00 2.8850e-03
4.0000e+00 3.7940e-03
5.0000e+00 4.5140e-03
6.0000e+00 3.8900e-03
7.0000e+00 4.0590e-03
8.0000e+00 2.5160e-03
9.0000e+00 3.4530e-03
1.0000e+01 2.9010e-03
1.1000e+01 2.4500e-03
1.2000e+01 2.9270e-03
1.3000e+01 3.1950e-03
1.4000e+01 2.8220e-03
1.5000e+01 2.7940e-03
1.6000e+01 2.6880e-03
1.7000e+01 2.3680e-03
1.8000e+01 2.8020e-03
1.9000e+01 3.0410e-03
2.0000e+01 2.9620e-03
2.1000e+01 2.8560e-03
2.2000e+01 3.0310e-03
2.3000e+01 2.6690e-03
2.4000e+01 4.6070e-03
2.5000e+01 2.7970e-03
2.6000e+01 2.6970e-03
2.7000e+01 2.8250e-03
2.8000e+01 2.8890e-03
2.9000e+01 2.9400e-03
3.0000e+01 4.2930e-03
3.1000e+01 5.0870e-03
3.2000e+01 3.6500e-03
3.3000e+01 1.0304e-02
3.4000e+01 1.0016e-02
3.5000e+01 1.1218e-02
3.6000e+01 9.9760e-03
3.7000e+01 1.0786e-02
3.8000e+01 1.1062e-02
3.9000e+01 1.1838e-02
4.0000e+01 1.0910e-02
4.1000e+01 1.2116e-02
4.2000e+01 1.2284e-02
4.3000e+01 1.1162e-02
4.4000e+01 1.2222e-02
4.5000e+01 1.1754e-02
4.6000e+01 1.1789e-02
4.7000e+01 1.3025e-02
4.8000e+01 1.2867e-02
4.9000e+01 1.7160e-02
5.0000e+01 1.9511e-02
5.1000e+01 1.6032e-02
5.2000e+01 1.6546e-02
5.3000e+01 1.9264e-02
5.4000e+01 1.8754e-02
5.5000e+01 2.1470e-02
5.6000e+01 1.8063e-02
5.7000e+01 2.1353e-02
5.8000e+01 1.7933e-02
5.9000e+01 1.9127e-02
6.0000e+01 1.7607e-02
6.1000e+01 1.9874e-02
6.2000e+01 2.1106e-02
6.3000e+01 2.2134e-02
6.4000e+01 2.1106e-02
6.5000e+01 2.2995e-02
6.6000e+01 2.7256e-02
6.7000e+01 2.3033e-02
6.8000e+01 2.7828e-02
6.9000e+01 2.4046e-02
7.0000e+01 2.6665e-02
7.1000e+01 2.9952e-02
7.2000e+01 2.5216e-02
7.3000e+01 2.5762e-02
7.4000e+01 2.7348e-02
7.5000e+01 3.0565e-02
7.6000e+01 2.8583e-02
7.7000e+01 3.0178e-02
7.8000e+01 2.7639e-02
7.9000e+01 3.0166e-02
8.0000e+01 3.0086e-02
8.1000e+01 3.1825e-02
8.2000e+01 3.0174e-02
8.3000e+01 3.3435e-02
8.4000e+01 3.2668e-02
8.5000e+01 3.8035e-02
8.6000e+01 3.7081e-02
8.7000e+01 3.5391e-02
8.8000e+01 3.5867e-02
8.9000e+01 3.6463e-02
9.0000e+01 3.6692e-02
9.1000e+01 3.7005e-02
9.2000e+01 3.6142e-02
9.3000e+01 3.8447e-02
9.4000e+01 3.8827e-02
9.5000e+01 3.5897e-02
9.6000e+01 3.1369e-02
9.7000e+01 3.4938e-02
9.8000e+01 3.4583e-02
9.9000e+01 3.7022e-02
1.0000e+02 3.4384e-02
1.0100e+02 3.8088e-02
1.0200e+02 3.3700e-02
1.0300e+02 3.6726e-02
1.0400e+02 4.0115e-02
1.0500e+02 4.7598e-02
1.0600e+02 4.8316e-02
1.0700e+02 4.6398e-02
1.0800e+02 4.7104e-02
1.0900e+02 4.8755e-02
1.1000e+02 4.5044e-02
1.1100e+02 5.1249e-02
1.1200e+02 4.3368e-02
1.1300e+02 5.5507e-02
1.1400e+02 5.0572e-02
1.1500e+02 6.4263e-02
1.1600e+02 5.6365e-02
1.1700e+02 5.5872e-02
1.1800e+02 4.9663e-02
1.1900e+02 6.1055e-02
1.2000e+02 5.8373e-02
1.2100e+02 5.6301e-02
1.2200e+02 5.7444e-02
1.2300e+02 6.0415e-02
1.2400e+02 5.8807e-02
1.2500e+02 6.2275e-02
1.2600e+02 6.2084e-02
1.2700e+02 6.2667e-02
1.2800e+02 6.0371e-02
1.2900e+02 7.8851e-02
1.3000e+02 6.7888e-02
1.3100e+02 6.8230e-02
1.3200e+02 6.5531e-02
1.3300e+02 6.7815e-02
1.3400e+02 7.1719e-02
1.3500e+02 7.2925e-02
1.3600e+02 6.9801e-02
1.3700e+02 7.1120e-02
1.3800e+02 7.1455e-02
1.3900e+02 6.9903e-02
1.4000e+02 6.9446e-02
1.4100e+02 8.7508e-02
1.4200e+02 7.6751e-02
1.4300e+02 7.1142e-02
1.4400e+02 6.3704e-02
1.4500e+02 5.2343e-02
1.4600e+02 7.9434e-02
1.4700e+02 7.5334e-02
1.4800e+02 7.1336e-02
1.4900e+02 7.5315e-02
1.5000e+02 6.9646e-02
1.5100e+02 6.5899e-02
2.0000e+00 3.2260e-03
3.0000e+00 5.3280e-03
4.0000e+00 4.0290e-03
5.0000e+00 2.0900e-03
6.0000e+00 1.7950e-03
7.0000e+00 2.0820e-03
8.0000e+00 4.0910e-03
9.0000e+00 2.5410e-03
1.0000e+01 2.4030e-03
1.1000e+01 2.7000e-03
1.2000e+01 2.3210e-03
1.3000e+01 2.2880e-03
1.4000e+01 2.2260e-03
1.5000e+01 2.7630e-03
1.6000e+01 2.5080e-03
1.7000e+01 2.6460e-03
1.8000e+01 2.3360e-03
1.9000e+01 3.1370e-03
2.0000e+01 2.5680e-03
2.1000e+01 2.6860e-03
2.2000e+01 3.7550e-03
2.3000e+01 3.3400e-03
2.4000e+01 3.0830e-03
2.5000e+01 4.5100e-03
2.6000e+01 3.1910e-03
2.7000e+01 3.0170e-03
2.8000e+01 3.1900e-03
2.9000e+01 3.0740e-03
3.0000e+01 3.1640e-03
3.1000e+01 3.0230e-03
3.2000e+01 3.3650e-03
3.3000e+01 7.5180e-03
3.4000e+01 8.3180e-03
3.5000e+01 1.0496e-02
3.6000e+01 8.7370e-03
3.7000e+01 1.0251e-02
3.8000e+01 1.0946e-02
3.9000e+01 9.8550e-03
4.0000e+01 9.6660e-03
4.1000e+01 1.0277e-02
4.2000e+01 1.0173e-02
4.3000e+01 1.1308e-02
4.4000e+01 1.1269e-02
4.5000e+01 1.1012e-02
4.6000e+01 1.1959e-02
4.7000e+01 1.2428e-02
4.8000e+01 1.3389e-02
4.9000e+01 1.5613e-02
5.0000e+01 1.8284e-02
5.1000e+01 1.6140e-02
5.2000e+01 1.5363e-02
5.3000e+01 1.7445e-02
5.4000e+01 1.7262e-02
5.5000e+01 2.1402e-02
5.6000e+01 1.8854e-02
5.7000e+01 1.7613e-02
5.8000e+01 1.8821e-02
5.9000e+01 2.1148e-02
6.0000e+01 1.9779e-02
6.1000e+01 1.7584e-02
6.2000e+01 1.8878e-02
6.3000e+01 2.2813e-02
6.4000e+01 1.9045e-02
6.5000e+01 2.3345e-02
6.6000e+01 2.2861e-02
6.7000e+01 2.3800e-02
6.8000e+01 2.4931e-02
6.9000e+01 2.6285e-02
7.0000e+01 2.7099e-02
7.1000e+01 2.6655e-02
7.2000e+01 2.3119e-02
7.3000e+01 2.5816e-02
7.4000e+01 2.7993e-02
7.5000e+01 2.6568e-02
7.6000e+01 2.6388e-02
7.7000e+01 2.9106e-02
7.8000e+01 2.6779e-02
7.9000e+01 2.8738e-02
8.0000e+01 2.9173e-02
8.1000e+01 3.3782e-02
8.2000e+01 3.1811e-02
8.3000e+01 3.5597e-02
8.4000e+01 3.3940e-02
8.5000e+01 3.2329e-02
8.6000e+01 3.6489e-02
8.7000e+01 3.3786e-02
8.8000e+01 3.4471e-02
8.9000e+01 3.6092e-02
9.0000e+01 3.7500e-02
9.1000e+01 3.8411e-02
9.2000e+01 3.6681e-02
9.3000e+01 3.8343e-02
9.4000e+01 3.6479e-02
9.5000e+01 3.5491e-02
9.6000e+01 3.9415e-02
9.7000e+01 3.9636e-02
9.8000e+01 4.4413e-02
9.9000e+01 4.2729e-02
1.0000e+02 4.2566e-02
1.0100e+02 4.3158e-02
1.0200e+02 5.0161e-02
1.0300e+02 4.5161e-02
1.0400e+02 4.4636e-02
1.0500e+02 4.6490e-02
1.0600e+02 4.4410e-02
1.0700e+02 5.4137e-02
1.0800e+02 5.3009e-02
1.0900e+02 5.3764e-02
1.1000e+02 5.1533e-02
1.1100e+02 4.8698e-02
1.1200e+02 4.9678e-02
1.1300e+02 5.6020e-02
1.1400e+02 5.1950e-02
1.1500e+02 6.1132e-02
1.1600e+02 5.6032e-02
1.1700e+02 5.8080e-02
1.1800e+02 5.5317e-02
1.1900e+02 5.6481e-02
1.2000e+02 5.6837e-02
1.2100e+02 5.4921e-02
1.2200e+02 5.7769e-02
1.2300e+02 6.2886e-02
1.2400e+02 5.5072e-02
1.2500e+02 6.1851e-02
1.2600e+02 5.8378e-02
1.2700e+02 6.3805e-02
1.2800e+02 6.0104e-02
1.2900e+02 7.7414e-02
1.3000e+02 7.4108e-02
1.3100e+02 7.5583e-02
1.3200e+02 6.9132e-02
1.3300e+02 7.2470e-02
1.3400e+02 6.8663e-02
1.3500e+02 7.6673e-02
1.3600e+02 7.5359e-02
1.3700e+02 7.6355e-02
1.3800e+02 7.4339e-02
1.3900e+02 7.7955e-02
1.4000e+02 7.8964e-02
1.4100e+02 8.7168e-02
1.4200e+02 8.3616e-02
1.4300e+02 8.9849e-02
1.4400e+02 7.9403e-02
1.4500e+02 9.3414e-02
1.4600e+02 8.3713e-02
1.4700e+02 8.7248e-02
1.4800e+02 8.5962e-02
1.4900e+02 9.8858e-02
1.5000e+02 8.8628e-02
1.5100e+02 9.4276e-02
1.5200e+02 9.1987e-02
1.5300e+02 9.3046e-02
1.5400e+02 9.3021e-02
1.5500e+02 9.4123e-02
1.5600e+02 8.2761e-02
1.5700e+02 9.8404e-02
1.5800e+02 9.3167e-02
1.5900e+02 1.1063e-01
1.6000e+02 9.2479e-02
1.6100e+02 9.9933e-02
1.6200e+02 1.0293e-01
1.6300e+02 1.1398e-01
1.6400e+02 1.0340e-01
1.6500e+02 1.1522e-01
1.6600e+02 1.0900e-01
1.6700e+02 1.0468e-01
1.6800e+02 1.1075e-01
1.6900e+02 1.1245e-01
1.7000e+02 1.1325e-01
1.7100e+02 1.2444e-01
1.7200e+02 1.1509e-01
1.7300e+02 1.1657e-01
1.7400e+02 1.0862e-01
1.7500e+02 1.2391e-01
1.7600e+02 1.0643e-01
1.7700e+02 1.2306e-01
1.7800e+02 1.1082e-01
1.7900e+02 1.2645e-01
1.8000e+02 1.0473e-01
1.8100e+02 1.6516e-01
1.8200e+02 1.5849e-01
1.8300e+02 1.9992e-01
1.8400e+02 1.9416e-01
1.8500e+02 1.8112e-01
1.8600e+02 2.3414e-01
1.8700e+02 2.9817e-01
1.8800e+02 3.3116e-01
1.8900e+02 3.8028e-01
1.9000e+02 3.0249e-01
1.9100e+02 4.4282e-01
1.9200e+02 5.4528e-01
1.9300e+02 1.0482e+00
1.9400e+02 1.5660e+00
1.9500e+02 2.3546e+00
1.9600e+02 3.0760e+00
